0 , -3.199981178 , -3.489593717 , 0
0.2 , -3.374164712 , -3.031554996 , 0
0.4 , -3.656054101 , -2.24591482 , 0
0.6 , -3.781628388 , -1.294850241 , 0
0.8 , -3.291220192 , -0.2741598584 , 0
1 , -3.5163744 , 0.4722880055 , 0
1.2 , -3.587966317 , 0.7290826469 , 0
1.4 , -3.297162524 , 0.6198637684 , 0
1.6 , -3.383624284 , 0.1429467288 , 0
1.8 , -3.687724287 , -0.3512574988 , 0
2 , -3.505944712 , -0.09886551771 , 0
2.2 , -3.4321318 , -0.08057812362 , 0
2.4 , -3.439169221 , -0.06428024829 , 0
2.6 , -3.647524418 , -0.04020593024 , 0
2.8 , -3.412967867 , -0.1761819237 , 0
3 , -3.363195222 , -0.1270228825 , 0
3.2 , -3.772804572 , -0.04672432021 , 0
3.4 , -3.64173242 , 0.03674236403 , 0
3.6 , -3.550557151 , 0.1125186265 , 0
3.8 , -3.51036806 , 0.2373906141 , 0
4 , -3.651063348 , 0.1717140586 , 0
4.2 , -3.332567209 , 0.1327420981 , 0
4.4 , -3.404332524 , 0.1534054304 , 0
4.6 , -3.231305502 , 0.08908799901 , 0
4.8 , -3.428481099 , -0.01430970009 , 0
5 , -3.533186319 , -0.1245828068 , 0
5.2 , -3.629636504 , -0.1381177078 , 0
5.4 , -3.355726552 , -0.1846494918 , 0
5.6 , -3.455349848 , -0.08975042228 , 0
5.8 , -3.322122676 , -0.07417170636 , 0
6 , -3.610143544 , -0.01814445816 , 0
6.2 , -3.691424383 , 0.01228089803 , 0
6.4 , -3.442155395 , 0.02183548793 , 0
6.6 , -3.668243738 , 0.008013973557 , 0
6.8 , -3.403437553 , -0.03980037962 , 0
7 , -3.388569483 , 0.02490129389 , 0
7.2 , -3.520535456 , 0.1184130832 , 0
7.4 , -3.697683699 , 0.0969504903 , 0
7.6 , -3.287783246 , 0.02071448978 , 0
7.8 , -3.502900956 , -0.04233527455 , 0
8 , -3.644060329 , -0.03021959731 , 0
8.2 , -3.410832676 , 0.09536922234 , 0
8.4 , -3.446654954 , 0.09461270625 , 0
8.6 , -3.180731597 , 0.2030927344 , 0
8.8 , -3.59549801 , 0.06361486649 , 0
9 , -3.556814429 , 0.004827121187 , 0
9.2 , -3.387610225 , 0.09452818953 , 0
9.4 , -3.168617465 , 0.1663951001 , 0
9.6 , -3.321017908 , 0.08771674093 , 0
9.8 , -3.249828877 , 0.06448252052 , 0
10 , -3.576195029 , -0.02846764732 , 0
10.2 , -3.279408473 , -0.05921451515 , 0
10.4 , -3.409399488 , -0.09268533345 , 0
10.6 , -3.050732539 , -0.2550001237 , 0
10.8 , -3.434141644 , -0.1874444887 , 0
11 , -3.678690897 , -0.2817919106 , 0
11.2 , -3.563343752 , -0.2593869024 , 0
11.4 , -3.527254265 , -0.2355919608 , 0
11.6 , -3.458040947 , -0.0871868096 , 0
11.8 , -3.501159939 , -0.02592992738 , 0
12 , -3.930872803 , 0.1581080327 , 0
12.2 , -3.623014967 , 0.1840007044 , 0
12.4 , -3.38897153 , 0.242957171 , 0
12.6 , -3.548198874 , 0.02549290807 , 0
12.8 , -3.215750749 , -0.1470617303 , 0
13 , -3.70247228 , -0.08430269141 , 0
13.2 , -3.55405148 , -0.1821857466 , 0
13.4 , -3.633955614 , -0.245387499 , 0
13.6 , -3.478495087 , -0.1822778744 , 0
13.8 , -3.805586626 , -0.04586392349 , 0
14 , -3.783410961 , 0.1392859498 , 0
14.2 , -3.811824975 , 0.1241387903 , 0
14.4 , -3.313839023 , 0.1185138189 , 0
14.6 , -3.342953247 , 0.1436706194 , 0
14.8 , -3.891865691 , 0.07505875674 , 0
15 , -3.333179953 , 0.1361253262 , 0
15.2 , -3.545402421 , 0.06645135892 , 0
15.4 , -3.73740184 , -0.01672652939 , 0
15.6 , -3.535358555 , -0.1106056232 , 0
15.8 , -3.386336259 , -0.02573308073 , 0
16 , -3.368792675 , 0.1762040791 , 0
16.2 , -3.569564981 , 0.1414352473 , 0
16.4 , -3.556490252 , 0.01001131461 , 0
16.6 , -3.564661611 , -0.09539422819 , 0
16.8 , -3.526538064 , 0.04939750004 , 0
17 , -3.427304732 , -0.01895367137 , 0
17.2 , -3.327148503 , 0.01135978104 , 0
17.4 , -3.402534312 , 0.01822968149 , 0
17.6 , -3.616508742 , 0.003419126158 , 0
17.8 , -3.8330727 , -0.09475629177 , 0
18 , -3.187740359 , -0.0645913961 , 0
18.2 , -3.502559786 , -0.002727098171 , 0
18.4 , -3.342981512 , 0.06351756723 , 0
18.6 , -3.761191314 , 0.1633340734 , 0
18.8 , -3.476592696 , 0.1847508624 , 0
19 , -3.364581661 , 0.1902880394 , 0
19.2 , -3.328373663 , 0.09042053485 , 0
19.4 , -3.464925488 , -0.04835864917 , 0
19.6 , -3.22844291 , -0.05945708019 , 0
19.8 , -3.490697584 , -0.03441319761 , 0
20 , -3.302689601 , -0.1101975706 , 0
20.2 , -3.45321879 , -0.04415365441 , 0.1210973892
20.4 , -3.551198586 , -0.05430523506 , 0.1214468998
20.6 , -3.478460306 , 0.04959031523 , 0.1157355608
20.8 , -3.588055569 , 0.03360768569 , 0.1158958286
21 , -3.271604769 , 0.08269289483 , 0.1143299869
21.2 , -3.151106173 , 0.1352774092 , 0.1179601223
21.4 , -3.402996989 , 0.1133886858 , 0.1203932664
21.6 , -3.44984175 , 0.03804673322 , 0.1106421159
21.8 , -3.52273696 , 0.1330765295 , 0.1192441406
22 , -3.314740899 , 0.1601726788 , 0.1137091823
22.2 , -3.166149364 , 0.2377077335 , 0.1134369451
22.4 , -3.150947462 , 0.2911383189 , 0.1129548453
22.6 , -3.167467179 , 0.3092375864 , 0.09705939487
22.8 , -3.266190149 , 0.2179673923 , 0.1180531387
23 , -3.087878499 , 0.08022631079 , 0.1132985202
23.2 , -2.848916015 , -0.07416760524 , 0.1042204526
23.4 , -3.031191095 , -0.08423023133 , 0.1107853372
23.6 , -3.2341452 , 0.02365376093 , 0.0986243129
23.8 , -3.132444899 , 0.1283896355 , 0.09950206768
24 , -3.095656517 , 0.159811253 , 0.0966673106
24.2 , -3.060538389 , 0.150915168 , 0.0902033923
24.4 , -3.032737106 , 0.1197753795 , 0.1005751461
24.6 , -2.789568126 , 0.1781984365 , 0.09923219374
24.8 , -3.012607766 , 0.08721359014 , 0.08975937305
25 , -2.784027438 , -0.03685025346 , 0.1016611814
25.2 , -2.949011638 , -0.06456864997 , 0.1017897287
25.4 , -3.133653915 , -0.07951667536 , 0.1029811551
25.6 , -2.973177924 , -0.05298999394 , 0.1039909327
25.8 , -2.993344643 , 0.002776741486 , 0.09141209929
26 , -2.940852299 , 3.037033233e-05 , 0.09149455149
26.2 , -2.921310692 , 0.05181092153 , 0.09265104545
26.4 , -3.074486743 , 0.1173126143 , 0.09159776695
26.6 , -2.646562254 , 0.08725845908 , 0.09654104592
26.8 , -3.007927919 , 0.1773171811 , 0.09176950264
27 , -3.149068042 , 0.154030782 , 0.089688001
27.2 , -2.723789479 , 0.1044251917 , 0.08324255851
27.4 , -2.792096006 , 0.1573153515 , 0.0918926272
27.6 , -2.83496859 , 0.1498912375 , 0.08677438432
27.8 , -2.55617508 , 0.2177872379 , 0.08247778293
28 , -2.765590126 , 0.302008926 , 0.08643770626
28.2 , -2.741356029 , 0.2420585757 , 0.0803871924
28.4 , -2.621353458 , 0.1993367915 , 0.08299903306
28.6 , -2.759430308 , 0.001671895449 , 0.08482189306
28.8 , -2.495810228 , 0.03229643811 , 0.08896327821
29 , -2.275396859 , 0.1153823254 , 0.08677092539
29.2 , -2.59231421 , -0.002991804887 , 0.0801187211
29.4 , -2.551644628 , 0.005048280122 , 0.08101378789
29.6 , -2.753818644 , 0.01484102891 , 0.08120071524
29.8 , -2.73855294 , -0.03566024577 , 0.08068391006
30 , -2.363660799 , -0.01563587514 , 0.07718354252
30.2 , -2.517026419 , 0.07644273297 , 0.07735969662
30.4 , -2.367708579 , 0.1368551069 , 0.07754606652
30.6 , -2.594138273 , 0.2373952904 , 0.08235468811
30.8 , -2.625064361 , 0.1266349762 , 0.07033908884
31 , -2.323660932 , 0.06504445169 , 0.08415787079
31.2 , -2.517915543 , 0.09660905213 , 0.07644047805
31.4 , -2.406991722 , 0.03379324184 , 0.0762512526
31.6 , -2.298593163 , 0.1384659694 , 0.06999035543
31.8 , -2.242017911 , 0.164691837 , 0.0780164849
32 , -2.483752473 , 0.1256122252 , 0.0787952557
32.2 , -2.338801485 , 0.1187583844 , 0.07548392703
32.4 , -2.377128099 , -0.003152430258 , 0.06907246264
32.6 , -2.161647592 , 0.03854793751 , 0.07238154034
32.8 , -2.400881066 , -0.03374192536 , 0.06443554898
33 , -2.212577911 , -0.02907241596 , 0.06877741687
33.2 , -2.104814357 , 0.06317173416 , 0.07205736816
33.4 , -2.453304259 , 0.07061883149 , 0.07266828529
33.6 , -2.309854353 , 0.08626442673 , 0.06566719816
33.8 , -2.398185628 , 0.05775083802 , 0.07035906142
34 , -2.204031255 , 0.1721295977 , 0.07075936269
34.2 , -2.042085514 , 0.1545489041 , 0.07127543195
34.4 , -2.217698497 , 0.1423044945 , 0.06504216311
34.6 , -1.937127576 , 0.1047302061 , 0.06474717752
34.8 , -2.343686306 , 0.0681658998 , 0.06473535676
35 , -2.156111318 , -0.04743467491 , 0.06484155264
35.2 , -2.098107069 , -0.07837307737 , 0.06721942301
35.4 , -2.156546282 , 0.03071378686 , 0.06362498483
35.6 , -2.015949483 , 0.0690290378 , 0.05910397598
35.8 , -2.256845204 , 0.1205849877 , 0.06495277999
36 , -2.016214634 , 0.116828508 , 0.06287869485
36.2 , -2.112974157 , 0.05025814284 , 0.06464429065
36.4 , -2.134755537 , 0.05173172366 , 0.0630870858
36.6 , -1.925445979 , -0.03050425204 , 0.0598390307
36.8 , -2.016875967 , -0.002811446914 , 0.0678931699
37 , -2.128937176 , 0.01219471246 , 0.06195397325
37.2 , -2.100700544 , 0.02815555466 , 0.05945513406
37.4 , -2.032158418 , 0.08303629859 , 0.05659523911
37.6 , -2.027636062 , 0.08001666647 , 0.05819890573
37.8 , -2.074554143 , 0.1547290385 , 0.06165884594
38 , -1.934154425 , 0.09545829482 , 0.06223720966
38.2 , -1.996850115 , 0.08415116502 , 0.05702879129
38.4 , -1.862995113 , 0.1190794408 , 0.05433426523
38.6 , -1.846084102 , 0.03506213847 , 0.06033408412
38.8 , -2.0473869 , 0.01879239151 , 0.05388978987
39 , -1.918950247 , 0.009098989865 , 0.0582591023
39.2 , -1.967371987 , 0.06663803749 , 0.05792345957
39.4 , -1.861069703 , 0.07741123107 , 0.05236059128
39.6 , -1.898361858 , 0.1126936632 , 0.05318399052
39.8 , -1.760480643 , 0.1198112474 , 0.05746446907
40 , -1.850856675 , 0.05279985934 , 0.05819358806
40.2 , -1.979417069 , 0.08510256265 , 0.05597340322
40.4 , -1.712949851 , -0.007327878402 , 0.05356425747
40.6 , -1.786058953 , -0.0347386266 , 0.04730436091
40.8 , -1.764125527 , -0.005900175811 , 0.05023807586
41 , -1.966557295 , 0.03859342854 , 0.04881296825
41.2 , -1.774892356 , 0.09862742166 , 0.05118158813
41.4 , -1.833260338 , 0.09339237909 , 0.05329676932
41.6 , -1.726872081 , 0.07049986516 , 0.05147982533
41.8 , -1.721586006 , 0.03758640822 , 0.05405625327
42 , -1.889839908 , 0.03960624523 , 0.05232784304
42.2 , -1.577843405 , 0.08427072709 , 0.04917985727
42.4 , -1.736751347 , 0.04928578608 , 0.04581170962
42.6 , -1.711599492 , 0.02112215508 , 0.04810898381
42.8 , -1.851454974 , 0.02846746676 , 0.05276737453
43 , -1.732811622 , 0.0589325952 , 0.04442256144
43.2 , -1.643488827 , 0.06010358922 , 0.04664717825
43.4 , -1.609738419 , 0.0789899009 , 0.04335427918
43.6 , -1.676898105 , 0.04893545911 , 0.04459504549
43.8 , -1.634512554 , 0.04380035669 , 0.0473215821
44 , -1.749800028 , 0.04535749489 , 0.04643557547
44.2 , -1.68315159 , -0.07054446977 , 0.04426349139
44.4 , -1.577754695 , -0.0711373229 , 0.04965147459
44.6 , -1.686254051 , -0.01206616728 , 0.04272487602
44.8 , -1.605953623 , 0.08322794419 , 0.04901381742
45 , -1.726890722 , 0.1366137874 , 0.04310481135
45.2 , -1.641101413 , 0.1339094902 , 0.04568562929
45.4 , -1.609896304 , 0.1769902649 , 0.04172652991
45.6 , -1.597301003 , 0.1879881032 , 0.04479608121
45.8 , -1.485793223 , 0.1421631159 , 0.04319406977
46 , -1.390260528 , 0.10703526 , 0.04418556444
46.2 , -1.472255836 , 0.01201914821 , 0.04541646973
46.4 , -1.55445023 , -0.0401394051 , 0.03974633551
46.6 , -1.475940549 , -0.06847222048 , 0.04446017823
46.8 , -1.518468931 , -0.07148978697 , 0.0399185162
47 , -1.474461452 , 0.007035589506 , 0.040210538
47.2 , -1.647296989 , 0.02399141394 , 0.04144870996
47.4 , -1.480175531 , 0.08582147672 , 0.03825105247
47.6 , -1.434684962 , 0.1496832385 , 0.0412318889
47.8 , -1.427784184 , 0.1510690989 , 0.03961102306
48 , -1.394995633 , 0.1043118151 , 0.03818722113
48.2 , -1.491952088 , 0.05457362873 , 0.03965609125
48.4 , -1.345183383 , 0.0319747117 , 0.04424589622
48.6 , -1.427952211 , 0.002338560504 , 0.03599644128
48.8 , -1.406032107 , -0.02777372832 , 0.03469558427
49 , -1.297903715 , -0.04212787104 , 0.03937250253
49.2 , -1.461254411 , 0.0168798381 , 0.03783372144
49.4 , -1.46548002 , 0.04756586838 , 0.0388217686
49.6 , -1.410491193 , 0.06135083203 , 0.03694712502
49.8 , -1.346345994 , 0.07712083689 , 0.03704959936
50 , -1.312178709 , 0.05810565501 , 0.03710534224
50.2 , -1.402249647 , 0.04221696135 , 0.03612729275
50.4 , -1.376695977 , 0.008375860955 , 0.03351979653
50.6 , -1.26647614 , 0.01007372099 , 0.03556460649
50.8 , -1.320834336 , -0.02061033907 , 0.0336751559
51 , -1.388611155 , -0.07383378718 , 0.03329173802
51.2 , -1.44157759 , -0.05177597187 , 0.03507246562
51.4 , -1.356012125 , 7.107925289e-05 , 0.03248297069
51.6 , -1.379889469 , 0.05802861689 , 0.03355637285
51.8 , -1.300579257 , 0.05023406952 , 0.03222648709
52 , -1.322446085 , 0.06749045206 , 0.03551564707
52.2 , -1.402541416 , 0.1107875404 , 0.03511546834
52.4 , -1.345739107 , 0.07139258131 , 0.03245506528
52.6 , -1.278897868 , 0.006388115639 , 0.03085993979
52.8 , -1.228809579 , -0.01648644344 , 0.03336103394
53 , -1.272073204 , -0.0004599264029 , 0.03285902073
53.2 , -1.368688034 , 0.01691516653 , 0.03346473512
53.4 , -1.34748804 , 0.03068154327 , 0.03611425864
53.6 , -1.21816482 , 0.03768382861 , 0.02930127369
53.8 , -1.351877439 , 0.02387626957 , 0.02874001538
54 , -1.316941722 , 0.06161726853 , 0.03005963256
54.2 , -1.18628908 , 0.06115797536 , 0.03099142203
54.4 , -1.24337064 , 0.01941240172 , 0.03267755198
54.6 , -1.255817436 , -0.03252905102 , 0.02909177278
54.8 , -1.282307175 , -0.06579219484 , 0.02907149053
55 , -1.263447066 , -0.05490017936 , 0.03005972673
55.2 , -1.319060613 , 0.001487249335 , 0.02701949717
55.4 , -1.261473391 , 0.0309734176 , 0.03023625378
55.6 , -1.303492039 , 0.02178800346 , 0.03142130928
55.8 , -1.343416793 , 0.08192602089 , 0.02947523648
56 , -1.167640937 , 0.09792791005 , 0.02944714041
56.2 , -1.198497086 , 0.07699063901 , 0.02906624123
56.4 , -1.209644265 , 0.06073568084 , 0.02644657444
56.6 , -1.225148694 , 0.03398230268 , 0.03000920846
56.8 , -1.221337408 , 0.02337221452 , 0.02919706656
57 , -1.229965766 , 0.02462752372 , 0.02831192382
57.2 , -1.162371956 , 0.07262816299 , 0.02633280516
57.4 , -1.125881496 , 0.08077026053 , 0.02601236087
57.6 , -1.199626235 , 0.1186695781 , 0.02804203095
57.8 , -1.153321696 , 0.1027646028 , 0.02700772369
58 , -1.130421142 , 0.05472649688 , 0.02441505154
58.2 , -1.063960469 , 0.02754150949 , 0.02517423452
58.4 , -1.062794431 , 0.01603599251 , 0.02847735057
58.6 , -1.093602167 , -0.01468136207 , 0.02495914363
58.8 , -1.125702407 , -0.04587393126 , 0.02621962842
59 , -1.174083154 , -0.002027875316 , 0.02470388651
59.2 , -1.089813351 , -0.01047822474 , 0.02479039946
59.4 , -1.133789616 , 0.008625813796 , 0.02390125197
59.6 , -1.037282768 , 0.05538403201 , 0.02314702776
59.8 , -1.141030524 , 0.0889852269 , 0.02696596815
60 , -1.093222268 , 0.06093880884 , 0.02353700129
60.2 , -1.096365895 , 0.02622384859 , 0.02393899624
60.4 , -0.9907944945 , 0.01021833386 , 0.02434417545
60.6 , -1.02964893 , -0.01229407812 , 0.02446066688
60.8 , -1.170274699 , 0.009177574235 , 0.02062479588
61 , -0.9941949291 , 0.01280851754 , 0.02060752834
61.2 , -1.090216989 , 0.02068558915 , 0.02302264987
61.4 , -1.086164129 , 0.0180638837 , 0.01968052013
61.6 , -1.089678361 , -0.01233772603 , 0.02190948109
61.8 , -0.9697496542 , -0.003629902721 , 0.02287336129
62 , -1.074467036 , -0.03005321303 , 0.01986123322
62.2 , -1.075597134 , -0.03077489179 , 0.02078188818
62.4 , -1.035656749 , -0.04289109837 , 0.02182331375
62.6 , -1.134328292 , -0.02344867842 , 0.02195211181
62.8 , -1.059916867 , 0.01944144986 , 0.02180768912
63 , -1.148393254 , 0.02667091814 , 0.02176512408
63.2 , -1.038887835 , 0.06554095891 , 0.02006612499
63.4 , -1.040081591 , 0.06481708256 , 0.02034340863
63.6 , -1.024432834 , 0.06731597936 , 0.01935957115
63.8 , -0.9906078175 , 0.05774327221 , 0.02322940418
64 , -1.053512406 , 0.07313368906 , 0.02266831939
64.2 , -1.023568448 , 0.06385037868 , 0.01886625893
64.4 , -0.9858065866 , 0.05932887901 , 0.01857908335
64.6 , -0.9848268396 , 0.04528990147 , 0.02179313104
64.8 , -1.005117083 , 0.0259840265 , 0.0195863323
65 , -0.9241908935 , 0.08288063485 , 0.01866011734
65.2 , -0.8911084601 , 0.03521588988 , 0.01947183133
65.4 , -0.9705713904 , 0.01314642604 , 0.01996215268
65.6 , -0.9959994872 , -0.03195000094 , 0.01923475628
65.8 , -0.9516470393 , -0.0397441386 , 0.01828637138
66 , -0.9562687948 , -0.03343064154 , 0.01889214073
66.2 , -0.9700809078 , -0.03220089397 , 0.01894328714
66.4 , -0.8869123275 , -0.01187065253 , 0.01776573787
66.6 , -1.011838712 , 0.001423746989 , 0.01764212626
66.8 , -1.087338943 , 0.02072700988 , 0.01890102958
67 , -0.8790686055 , 0.01452664909 , 0.01852816311
67.2 , -0.9798416237 , 0.02002827406 , 0.01936332858
67.4 , -0.9179716447 , 0.04249653463 , 0.01945898131
67.6 , -0.9997274547 , 0.04475879692 , 0.01813612861
67.8 , -0.9164727401 , 0.02592790939 , 0.01877860581
68 , -0.94107959 , 0.01978309005 , 0.01682534373
68.2 , -0.9630633263 , -0.009612534833 , 0.01843030994
68.4 , -0.9041848574 , -0.04100557972 , 0.01535633719
68.6 , -0.9476594178 , -0.02426767263 , 0.01694803617
68.8 , -0.9558340491 , 0.00741312144 , 0.01619311558
69 , -0.9731962598 , -0.02855392258 , 0.01660928122
69.2 , -0.9483982647 , -0.0002448321445 , 0.0180755806
69.4 , -0.9377670548 , 0.0005657588537 , 0.01726296767
69.6 , -0.9542162083 , 0.04962328252 , 0.01741889233
69.8 , -0.9671722377 , 0.07405558233 , 0.0173223722
70 , -0.8956828732 , 0.09705689778 , 0.01594926934
70.2 , -0.9153907946 , 0.09558471008 , 0.01539406466
70.4 , -0.8794371881 , 0.06378520153 , 0.01784084428
70.6 , -0.8996466394 , 0.05304843789 , 0.01520212713
70.8 , -0.8246792659 , 0.03665655884 , 0.01612023574
71 , -0.8531157864 , 0.02893287132 , 0.01625817728
71.2 , -0.8227515245 , 0.003188497705 , 0.0145833091
71.4 , -0.8989117905 , 0.0005888998245 , 0.01609727715
71.6 , -0.8871637865 , 0.01652790821 , 0.01500168283
71.8 , -0.8475032388 , 0.01732721848 , 0.01589999807
72 , -0.8274845571 , -0.01732445307 , 0.01360724518
72.2 , -0.8324221928 , -0.01950112186 , 0.01575580247
72.4 , -0.8585023896 , -0.02391499537 , 0.01542317509
72.6 , -0.8501298108 , 0.01101722939 , 0.01389571064
72.8 , -0.8661268049 , 0.01171360639 , 0.01434158171
73 , -0.8435116161 , 0.0118011999 , 0.01372020464
73.2 , -0.9019099763 , 0.009905588034 , 0.01443414459
73.4 , -0.8806099852 , 0.02238308252 , 0.01454948473
73.6 , -0.8072298556 , 0.05023442571 , 0.013874484
73.8 , -0.769679149 , 0.03192255811 , 0.01474847186
74 , -0.8279600714 , -0.004444123671 , 0.01315903938
74.2 , -0.8345757157 , -0.0006855404254 , 0.01427811537
74.4 , -0.9043830391 , -0.00942819924 , 0.01313938314
74.6 , -0.8235185886 , -0.002574633456 , 0.01304369087
74.8 , -0.8033034892 , 0.01427362404 , 0.01296802528
75 , -0.8222859058 , 0.03163502315 , 0.0136262838
75.2 , -0.8121784786 , 0.04329844048 , 0.01328975916
75.4 , -0.8790878697 , 0.04778736775 , 0.0134193394
75.6 , -0.7506730969 , 0.01475971544 , 0.01258460707
75.8 , -0.7666977684 , 0.0004522398044 , 0.01260277744
76 , -0.8528786846 , -0.01931845375 , 0.01259487705
76.2 , -0.7667555118 , 0.009124605871 , 0.01367237632
76.4 , -0.832234707 , 0.04829047736 , 0.01164546574
76.6 , -0.8121985845 , 0.02556765779 , 0.01244872795
76.8 , -0.7966970121 , 0.0230637738 , 0.01168010148
77 , -0.7472180435 , 0.01639337798 , 0.01249125132
77.2 , -0.8002870419 , 0.02030327695 , 0.01205165937
77.4 , -0.7528504425 , -0.004182212926 , 0.01114657127
77.6 , -0.7953630377 , -0.03463561411 , 0.01138949389
77.8 , -0.7309281859 , -0.04305612347 , 0.01196440681
78 , -0.8791925413 , -0.03314394158 , 0.01160203156
78.2 , -0.8109547776 , -0.02806030773 , 0.01123007467
78.4 , -0.7595830967 , -0.007960342754 , 0.01220586257
78.6 , -0.8347617303 , 0.03012792302 , 0.0111339033
78.8 , -0.7904923049 , 0.05026998514 , 0.01171201896
79 , -0.8090565064 , 0.06172656064 , 0.01084610465
79.2 , -0.7136637165 , 0.07113534837 , 0.01100875059
79.4 , -0.8208283672 , 0.04229748721 , 0.01117968873
79.6 , -0.7445461114 , 0.03384408986 , 0.01091560138
79.8 , -0.7364028551 , -0.005800153521 , 0.01115988511
80 , -0.7582416716 , -0.01463835423 , 0.01074121706
80.2 , -0.7108322872 , -0.02575618129 , 0.01130983067
80.4 , -0.8054175445 , -0.03970392029 , 0.009986422281
80.6 , -0.7571181063 , -0.01363197824 , 0.01060571156
80.8 , -0.791054665 , 0.005860220382 , 0.01079508022
81 , -0.7639321497 , 0.04531699244 , 0.01077971914
81.2 , -0.7536803343 , 0.03529497033 , 0.01059803984
81.4 , -0.7816090731 , 0.06265794559 , 0.0110049274
81.6 , -0.6995617316 , 0.05615079976 , 0.01092991242
81.8 , -0.6908088527 , 0.04101859317 , 0.01121351807
82 , -0.7590172684 , 0.03266786952 , 0.009797329858
82.2 , -0.6900425733 , -0.0032047002 , 0.01066610251
82.4 , -0.7256285195 , -0.010111675 , 0.009301734391
82.6 , -0.7394612484 , -0.04198404214 , 0.009811024037
82.8 , -0.7515331632 , -0.02915587422 , 0.009886859425
83 , -0.6779647453 , -0.05548088152 , 0.009177117361
83.2 , -0.7467992431 , -0.02608949018 , 0.01002453003
83.4 , -0.7610024079 , 0.01578119995 , 0.009353800378
83.6 , -0.7497925072 , 0.006192186754 , 0.009714450005
83.8 , -0.7790058707 , 0.003042436612 , 0.00999073091
84 , -0.7247971075 , 0.02756395413 , 0.009435214039
84.2 , -0.732226596 , 0.001501472246 , 0.009906467458
84.4 , -0.7074140264 , 0.02389343169 , 0.009280735307
84.6 , -0.7449021088 , 0.04566677435 , 0.00929299228
84.8 , -0.6445170874 , 0.06089590376 , 0.008909301676
85 , -0.8000394423 , 0.03911290264 , 0.009001419189
85.2 , -0.7364423456 , 0.04268768131 , 0.009357707533
85.4 , -0.6535401412 , 0.03067928726 , 0.008340878419
85.6 , -0.6702231535 , 0.02127103222 , 0.009760503009
85.8 , -0.6861792036 , 0.004459639638 , 0.008825398892
86 , -0.6194609096 , -0.03136881654 , 0.007931540607
86.2 , -0.736019123 , -0.03246303918 , 0.008907555758
86.4 , -0.7183932163 , -0.03558030013 , 0.007878563928
86.6 , -0.7272343922 , -0.03243149355 , 0.008278155192
86.8 , -0.6974294318 , -0.03222548405 , 0.008253167417
87 , -0.7209852478 , 0.02112424265 , 0.008334762938
87.2 , -0.6994636456 , 0.0448828055 , 0.00780613509
87.4 , -0.7126156261 , 0.02921737539 , 0.007882840292
87.6 , -0.6665412435 , 0.009465552223 , 0.007787989717
87.8 , -0.6817189149 , -0.00403386347 , 0.008051336665
88 , -0.7368706813 , -0.01744169724 , 0.008203217366
88.2 , -0.6928826529 , 0.01005829264 , 0.00745375417
88.4 , -0.676812344 , 0.007191683738 , 0.007295671135
88.6 , -0.706210977 , 0.01777004774 , 0.007671250398
88.8 , -0.7035177067 , 0.009541718549 , 0.008407686619
89 , -0.7201098339 , 0.01150622316 , 0.007879762296
89.2 , -0.6462550712 , 0.0186957969 , 0.007937748235
89.4 , -0.6479672807 , 0.004183327921 , 0.007634361592
89.6 , -0.6976705185 , 0.003312067558 , 0.006757227293
89.8 , -0.7101952149 , 0.01978522013 , 0.00769833687
90 , -0.6918108507 , 0.02084157685 , 0.006914914171
90.2 , -0.6571768623 , 0.02511940618 , 0.007133337273
90.4 , -0.687041174 , -0.004210822779 , 0.007257914935
90.6 , -0.6411084738 , 0.01403690195 , 0.006832799837
90.8 , -0.6618094062 , 0.01029939314 , 0.006626992938
91 , -0.678503401 , 0.003649659699 , 0.007063613409
91.2 , -0.6216850538 , -0.003217910523 , 0.007214059249
91.4 , -0.7169996284 , -0.001161419836 , 0.007799086166
91.6 , -0.6830831105 , 0.02778694003 , 0.007031644887
91.8 , -0.6287945151 , 0.03117765934 , 0.007269740021
92 , -0.6902858531 , 0.0281908443 , 0.006642786094
92.2 , -0.5842599133 , 0.001927952748 , 0.00685922284
92.4 , -0.7008751774 , -0.005970218078 , 0.006922263371
92.6 , -0.606459021 , -0.03859079372 , 0.006607161036
92.8 , -0.6425321413 , -0.03304679873 , 0.006166823148
93 , -0.7007455224 , -0.02818071696 , 0.006547202004
93.2 , -0.6776904398 , -0.0313519529 , 0.006709250727
93.4 , -0.7096950302 , 0.004778153808 , 0.006105668917
93.6 , -0.6499225816 , 0.01512380884 , 0.005784164982
93.8 , -0.6773952137 , 0.01209048458 , 0.005864020745
94 , -0.6341184935 , 0.03873876229 , 0.006618108539
94.2 , -0.6685801152 , 0.008725458711 , 0.005900444111
94.4 , -0.634390068 , 0.01305400109 , 0.006254483611
94.6 , -0.6987229478 , 0.01110226815 , 0.005636468497
94.8 , -0.651838605 , 0.00800533622 , 0.006127135536
95 , -0.645516256 , 0.009895677638 , 0.006137581942
95.2 , -0.6560937511 , 0.01996370123 , 0.006123539392
95.4 , -0.6334693312 , 0.03274507526 , 0.006085383129
95.6 , -0.6313855501 , 0.03184837273 , 0.006076244916
95.8 , -0.6624616282 , 0.0238483962 , 0.006476826723
96 , -0.5825380331 , 0.01007038161 , 0.005412316402
96.2 , -0.6348297426 , -0.008686755094 , 0.0053125718
96.4 , -0.6903240037 , -0.009093160173 , 0.005822072558
96.6 , -0.5829057326 , 0.01129157012 , 0.005926764787
96.8 , -0.6077563781 , 0.007986489226 , 0.005260088256
97 , -0.6578151719 , -0.008119365416 , 0.005406275358
97.2 , -0.6326657473 , -0.01314737697 , 0.005260224298
97.4 , -0.6483387349 , -0.01474143333 , 0.005053191102
97.6 , -0.6073410549 , -0.008763102306 , 0.005663602168
97.8 , -0.6384604013 , 0.008867670592 , 0.005519407933
98 , -0.6006266107 , -0.006244588337 , 0.005426561734
98.2 , -0.6852681063 , 0.07898554171 , 0.005009084305
98.4 , -0.6534356492 , 0.009161512394 , 0.005492628972
98.6 , -0.6272465801 , -0.1057060446 , 0.005272786424
98.8 , -0.5877862351 , -0.1354695524 , 0.00500042527
99 , -0.6288302095 , -0.07073719779 , 0.005414389585
99.2 , -0.6401239799 , 0.05579093582 , 0.004669865099
99.4 , -0.6410015455 , 0.2279344503 , 0.005329452908
99.6 , -0.6512178322 , 0.3919694086 , 0.004885520757
99.8 , -0.6089855383 , 0.5339887862 , 0.005105553181
100 , -0.6246486833 , 0.6081680659 , 0.004845083371
