0 , 0.01724994771 , 0.01229414239
0.02 , 0.02198051254 , 0.01539799896
0.04 , 0.02495972921 , 0.01829376781
0.06 , 0.02490965248 , 0.0222007633
0.08 , 0.02592175576 , 0.02541760145
0.1 , 0.02718130963 , 0.02841595964
0.12 , 0.03263359853 , 0.03190066663
0.14 , 0.03136459941 , 0.03440418686
0.16 , 0.03758131346 , 0.03647341739
0.18 , 0.03230125493 , 0.03833473633
0.2 , 0.04229276029 , 0.04100803479
0.22 , 0.04450193671 , 0.04369811724
0.24 , 0.0528963745 , 0.0447126343
0.26 , 0.04776343951 , 0.04697366801
0.28 , 0.0446659703 , 0.0500129277
0.3 , 0.0454297107 , 0.0531086049
0.32 , 0.06190884468 , 0.0562243297
0.34 , 0.05852248604 , 0.05919646429
0.36 , 0.05249864678 , 0.06161365632
0.38 , 0.07318450368 , 0.06545010623
0.4 , 0.06930557866 , 0.0689865238
0.42 , 0.06999501641 , 0.07179318399
0.44 , 0.08854244048 , 0.07632828386
0.46 , 0.08325178914 , 0.08035475685
0.48 , 0.08061503739 , 0.08428528609
0.5 , 0.07764778326 , 0.08872274894
0.52 , 0.09721552827 , 0.095566895
0.54 , 0.1123742803 , 0.1031243717
0.56 , 0.08754441998 , 0.1095811822
0.58 , 0.1058571367 , 0.1116879573
0.6 , 0.1253441174 , 0.1171230862
0.62 , 0.1329651235 , 0.120530981
0.64 , 0.1292871718 , 0.128011881
0.66 , 0.1386894745 , 0.1323251858
0.68 , 0.1301085373 , 0.1402717011
0.7 , 0.1598530145 , 0.1455723308
0.72 , 0.163969842 , 0.1515987793
0.74 , 0.1492582523 , 0.1611448476
0.76 , 0.1770238258 , 0.1705985303
0.78 , 0.1765918206 , 0.1795418018
0.8 , 0.1668685436 , 0.1877547272
0.82 , 0.1700854386 , 0.19998454
0.84 , 0.2066603729 , 0.2161008699
0.86 , 0.2544162114 , 0.2283737059
0.88 , 0.2787611168 , 0.2423639854
0.9 , 0.227593183 , 0.2575536148
0.92 , 0.288859453 , 0.2690679466
0.94 , 0.2531406341 , 0.2834920971
0.96 , 0.3260964101 , 0.2998579955
0.98 , 0.2969681394 , 0.3119860654
1 , 0.3723657051 , 0.3258546757
1.02 , 0.3226744277 , 0.3392367509
1.04 , 0.3314617302 , 0.3550239314
1.06 , 0.3860864416 , 0.3680377141
1.08 , 0.3886234569 , 0.3746248245
1.1 , 0.3976269795 , 0.3863498842
1.12 , 0.3628845152 , 0.4119534735
1.14 , 0.4070679284 , 0.4324911289
1.16 , 0.48228349 , 0.4521508902
1.18 , 0.4474185377 , 0.4738864203
1.2 , 0.5115484207 , 0.4932758824
1.22 , 0.5376860547 , 0.5099097337
1.24 , 0.4819794147 , 0.5339184213
1.26 , 0.5418221879 , 0.5550701511
1.28 , 0.6246888143 , 0.5763019544
1.3 , 0.5798219518 , 0.5907801629
1.32 , 0.6327750258 , 0.6129078909
1.34 , 0.623792335 , 0.6272213538
1.36 , 0.7218740487 , 0.6465661858
1.38 , 0.7303207303 , 0.6559724159
1.4 , 0.5588572746 , 0.6705962945
1.42 , 0.5680329165 , 0.7019070791
1.44 , 0.8188909616 , 0.7352697201
1.46 , 0.7827589682 , 0.7591886404
1.48 , 0.7594407911 , 0.7888238457
1.5 , 0.8121822464 , 0.8137362449
1.52 , 0.8311779274 , 0.832198962
1.54 , 0.8315989485 , 0.8757852276
1.56 , 0.9370764614 , 0.9225413235
1.58 , 1.012104635 , 0.9763036959
1.6 , 1.036503336 , 1.021137038
1.62 , 1.012964441 , 1.047744628
1.64 , 1.15696731 , 1.091325711
1.66 , 1.165373555 , 1.12486701
1.68 , 1.27041285 , 1.170677759
1.7 , 1.056888568 , 1.217810364
1.72 , 1.069002249 , 1.247593056
1.74 , 1.361276679 , 1.312194732
1.76 , 1.549797748 , 1.370076852
1.78 , 1.412546507 , 1.40382234
1.8 , 1.526656411 , 1.460813399
1.82 , 1.511675995 , 1.513610227
1.84 , 1.197014784 , 1.540415564
1.86 , 1.552034806 , 1.595720766
1.88 , 1.709430752 , 1.655167648
1.9 , 1.907689958 , 1.703213568
1.92 , 1.928365295 , 1.761873231
1.94 , 1.693433498 , 1.816382301
1.96 , 1.902165635 , 1.842459725
1.98 , 1.721015328 , 1.851987983
2 , 1.833743842 , 1.864079927
2.02 , 1.996249231 , 1.891880908
2.04 , 1.730944702 , 1.924305422
2.06 , 2.179811212 , 1.948272236
2.08 , 2.091461456 , 2.005198186
2.1 , 1.829926798 , 2.034098899
2.12 , 2.227464391 , 2.063851684
2.14 , 2.26603509 , 2.078608622
2.16 , 1.761558467 , 2.145037539
2.18 , 2.133661379 , 2.227772422
2.2 , 2.237198588 , 2.28752942
2.22 , 2.16178024 , 2.357557371
2.24 , 2.581334688 , 2.428280496
2.26 , 2.926305004 , 2.511187244
2.28 , 2.659691114 , 2.58222617
2.3 , 2.510225247 , 2.658241837
2.32 , 2.481889584 , 2.710412738
2.34 , 2.953192602 , 2.805374049
2.36 , 2.943804075 , 2.859723727
2.38 , 2.526290894 , 2.916496526
2.4 , 3.241579877 , 2.962520609
2.42 , 3.12631406 , 2.991030034
2.44 , 3.006451423 , 3.025491023
2.46 , 2.588270763 , 2.991059008
2.48 , 3.385580151 , 2.999314412
2.5 , 3.334839169 , 3.075040388
2.52 , 2.952622915 , 3.103180276
2.54 , 2.945762512 , 3.099734178
2.56 , 3.012317054 , 3.153877302
2.58 , 3.420781799 , 3.232816705
2.6 , 3.087574787 , 3.218944106
2.62 , 3.469152809 , 3.262706254
2.64 , 2.853164018 , 3.349934722
2.66 , 3.746976281 , 3.466550606
2.68 , 3.575763018 , 3.557469017
2.7 , 3.446617492 , 3.637028994
2.72 , 3.928553407 , 3.752094779
2.74 , 4.034458107 , 3.861369898
2.76 , 4.152990571 , 3.969638204
2.78 , 3.201785219 , 4.020421474
2.8 , 3.885106912 , 4.11637184
2.82 , 4.833034074 , 4.14745372
2.84 , 4.579122365 , 4.139127052
2.86 , 3.859928096 , 4.187014947
2.88 , 4.249649387 , 4.200551495
2.9 , 5.047373684 , 4.190893418
2.92 , 3.687802254 , 4.205789933
2.94 , 3.962202062 , 4.2774896
2.96 , 4.234406594 , 4.388048581
2.98 , 4.467945762 , 4.437567438
3 , 4.421322254 , 4.486148626
3.02 , 4.206394585 , 4.510411156
3.04 , 4.096485583 , 4.62440687
3.06 , 4.74196792 , 4.683583693
3.08 , 5.353573379 , 4.730732868
3.1 , 4.768484092 , 4.744430028
3.12 , 5.239209999 , 4.860132276
3.14 , 5.174294598 , 4.929070525
3.16 , 4.72859469 , 4.917596489
3.18 , 5.560503554 , 4.949283272
3.2 , 5.022227862 , 4.936712786
3.22 , 4.063332069 , 4.946984562
3.24 , 4.240413101 , 4.886861848
3.26 , 4.612964844 , 4.879078579
3.28 , 6.133386783 , 4.916220652
3.3 , 4.5656039 , 4.918876366
3.32 , 5.043339331 , 4.887614742
3.34 , 4.183244697 , 4.876168091
3.36 , 5.342006374 , 4.934121804
3.38 , 4.992759528 , 5.014463538
3.4 , 5.052172349 , 5.029694183
3.42 , 4.745775623 , 4.992354103
3.44 , 5.491816185 , 5.028117522
3.46 , 5.114011826 , 5.018082015
3.48 , 4.64792673 , 4.968126893
3.5 , 5.773344759 , 4.99176722
3.52 , 4.435081889 , 4.886696466
3.54 , 4.840420885 , 4.812358955
3.56 , 4.771009302 , 4.860397534
3.58 , 4.357418743 , 4.846926207
3.6 , 5.132575706 , 4.807591909
3.62 , 4.812657722 , 4.717941481
3.64 , 4.229688105 , 4.657324722
3.66 , 4.162389447 , 4.614363407
3.68 , 5.01748044 , 4.629655838
3.7 , 5.302302071 , 4.538096345
3.72 , 4.614672946 , 4.496382566
3.74 , 4.091655401 , 4.432331809
3.76 , 4.730979892 , 4.420102738
3.78 , 4.572937365 , 4.428401667
3.8 , 3.894251152 , 4.442532573
3.82 , 4.81535955 , 4.500330995
3.84 , 3.670142032 , 4.428918989
3.86 , 3.8681518 , 4.460809909
3.88 , 5.404987711 , 4.461477481
3.9 , 4.564495639 , 4.451370977
3.92 , 3.855993992 , 4.464982778
3.94 , 4.747571247 , 4.431826636
3.96 , 4.110627278 , 4.40201958
3.98 , 4.924195641 , 4.371240495
4 , 5.214910938 , 4.398505389
4.02 , 4.280716783 , 4.427636426
4.04 , 4.587202177 , 4.355312718
4.06 , 3.785183102 , 4.282831288
4.08 , 3.462895808 , 4.27007172
4.1 , 4.198796378 , 4.213616274
4.12 , 4.168621059 , 4.205764296
4.14 , 4.554637123 , 4.207540795
4.16 , 3.655612615 , 4.097978814
4.18 , 4.291654066 , 4.08358974
4.2 , 4.255898542 , 4.082999633
4.22 , 4.189777102 , 4.035440322
4.24 , 4.110783059 , 3.999284751
4.26 , 4.130012193 , 3.992886225
4.28 , 4.235183904 , 3.947752582
4.3 , 3.380581929 , 3.942677072
4.32 , 3.561682522 , 3.884430786
4.34 , 4.518946313 , 3.790545511
4.36 , 3.712751621 , 3.698138903
4.38 , 3.141961026 , 3.584981473
4.4 , 3.298982775 , 3.497624394
4.42 , 2.936768136 , 3.462413571
4.44 , 4.025605056 , 3.402065299
4.46 , 3.9692863 , 3.331370544
4.48 , 2.999127532 , 3.249059973
4.5 , 3.141120502 , 3.21069741
4.52 , 2.672022079 , 3.177374509
4.54 , 3.330669393 , 3.144715095
4.56 , 3.318821251 , 3.109227654
4.58 , 2.994255423 , 3.077580176
4.6 , 3.001366991 , 3.021922202
4.62 , 2.961288847 , 2.943137701
4.64 , 2.792746952 , 2.909574853
4.66 , 3.076694009 , 2.884639271
4.68 , 2.642691672 , 2.78141982
4.7 , 2.84584944 , 2.723162402
4.72 , 2.612223734 , 2.663214177
4.74 , 2.773261144 , 2.608702716
4.76 , 2.787757876 , 2.636612641
4.78 , 2.397226834 , 2.586903421
4.8 , 2.514646118 , 2.500022343
4.82 , 2.055329318 , 2.449560146
4.84 , 2.350556711 , 2.383570386
4.86 , 2.36660854 , 2.363347255
4.88 , 2.340012072 , 2.292948745
4.9 , 2.486235655 , 2.224994956
4.92 , 2.265436662 , 2.174066426
4.94 , 2.196933621 , 2.128529394
4.96 , 2.081426653 , 2.069044768
4.98 , 2.070937964 , 2.034390587
5 , 1.793485784 , 1.97707123
5.02 , 2.244612022 , 1.934139333
5.04 , 1.587534176 , 1.868220748
5.06 , 1.291083412 , 1.828441682
5.08 , 1.944039834 , 1.775282925
5.1 , 1.82868332 , 1.719519925
5.12 , 1.760482699 , 1.668484024
5.14 , 1.756226853 , 1.613705729
5.16 , 1.608103038 , 1.591415594
5.18 , 1.771136249 , 1.551738119
5.2 , 1.361131617 , 1.529626285
5.22 , 1.403398679 , 1.500722059
5.24 , 1.394445687 , 1.463303748
5.26 , 1.509026521 , 1.430609243
5.28 , 1.218284813 , 1.399856682
5.3 , 1.414407843 , 1.355931341
5.32 , 1.439508788 , 1.317603217
5.34 , 1.352966098 , 1.276379003
5.36 , 1.059371858 , 1.205018086
5.38 , 1.188075013 , 1.166805392
5.4 , 1.105525294 , 1.161290283
5.42 , 1.269133001 , 1.137969977
5.44 , 1.068804142 , 1.110835906
5.46 , 1.112427528 , 1.075966822
5.48 , 1.118846119 , 1.038716567
5.5 , 0.8426013089 , 1.010624299
5.52 , 1.041200583 , 0.9687134716
5.54 , 0.8470578517 , 0.9397568341
5.56 , 0.8784448189 , 0.9144292035
5.58 , 0.8766511346 , 0.8898780104
5.6 , 1.008495638 , 0.8665067603
5.62 , 0.7871138007 , 0.8521172174
5.64 , 1.012510486 , 0.8312537515
5.66 , 0.7264802014 , 0.8078361017
5.68 , 0.7213274477 , 0.7765415487
5.7 , 0.7160694798 , 0.7679515832
5.72 , 0.6536273216 , 0.7503134573
5.74 , 0.8397319796 , 0.7331264905
5.76 , 0.8119356308 , 0.7112269599
5.78 , 0.6604936217 , 0.7013728304
5.8 , 0.6269536727 , 0.6813615832
5.82 , 0.6616856213 , 0.6559166883
5.84 , 0.7241682462 , 0.6514382681
5.86 , 0.610230931 , 0.6325684598
5.88 , 0.6186729376 , 0.628474993
5.9 , 0.5334565341 , 0.6210296815
5.92 , 0.6945675786 , 0.6177622113
5.94 , 0.5512871063 , 0.5975058706
5.96 , 0.5547971175 , 0.5929708756
5.98 , 0.6312415337 , 0.5683463042
6 , 0.5327211103 , 0.5611753866
6.02 , 0.6481552113 , 0.5576466643
6.04 , 0.599877862 , 0.5471197198
6.06 , 0.4564981115 , 0.5497806526
6.08 , 0.514199472 , 0.537905608
6.1 , 0.5943565154 , 0.5320540201
6.12 , 0.4963242913 , 0.5284038156
6.14 , 0.4539119672 , 0.5256915876
6.16 , 0.5366295472 , 0.5221981285
6.18 , 0.4795588711 , 0.5205018196
6.2 , 0.5683140981 , 0.516934999
6.22 , 0.5202868674 , 0.5042065283
6.24 , 0.5853305453 , 0.510914478
6.26 , 0.4626289455 , 0.508218435
6.28 , 0.5247817694 , 0.5083919781
6.3 , 0.44588132 , 0.5090591589
6.32 , 0.5256130366 , 0.5106010489
6.34 , 0.6018446673 , 0.5156753784
6.36 , 0.4452834654 , 0.5118625469
6.38 , 0.5166629523 , 0.5034559308
6.4 , 0.4037285664 , 0.5060090001
6.42 , 0.5549558793 , 0.4987809401
6.44 , 0.5201805212 , 0.494742426
6.46 , 0.4774655132 , 0.4930991211
6.48 , 0.4527375407 , 0.488546731
6.5 , 0.6111831873 , 0.4870732104
6.52 , 0.554988353 , 0.4933823649
6.54 , 0.3463630796 , 0.493067738
6.56 , 0.5082027902 , 0.4960885405
6.58 , 0.53869644 , 0.4942826433
6.6 , 0.4800133175 , 0.5046017466
6.62 , 0.431567678 , 0.5097510174
6.64 , 0.5274157185 , 0.5215145623
6.66 , 0.5342108999 , 0.5290860616
6.68 , 0.5587367177 , 0.5339680017
6.7 , 0.5282102242 , 0.5423119066
6.72 , 0.6165060222 , 0.5443297606
6.74 , 0.4679640325 , 0.5561182829
6.76 , 0.6221830734 , 0.5607246936
6.78 , 0.6447691242 , 0.5586592403
6.8 , 0.5013191772 , 0.5683353908
6.82 , 0.558701782 , 0.5813645242
6.84 , 0.6098987695 , 0.5740841751
6.86 , 0.5653347887 , 0.5737583882
6.88 , 0.5543274729 , 0.5742392748
6.9 , 0.5197944819 , 0.571637568
6.92 , 0.6051829972 , 0.5674792407
6.94 , 0.5742077285 , 0.5752628017
6.96 , 0.5870915069 , 0.582723136
6.98 , 0.5629432419 , 0.5963282485
7 , 0.6651781254 , 0.6111522581
7.02 , 0.6432497442 , 0.6268722613
7.04 , 0.6122360135 , 0.6469244997
7.06 , 0.64935001 , 0.6542113858
7.08 , 0.6869451289 , 0.6720883942
7.1 , 0.5526227161 , 0.6806976026
7.12 , 0.7156254225 , 0.6923384461
7.14 , 0.8087420855 , 0.7069107666
7.16 , 0.6893477624 , 0.7309047241
7.18 , 0.899112694 , 0.7377488015
7.2 , 0.727844609 , 0.749012558
7.22 , 0.7348275677 , 0.7643482819
7.24 , 0.6948021282 , 0.7823721236
7.26 , 0.8247525432 , 0.7951809177
7.28 , 0.6867784124 , 0.8016725189
7.3 , 0.7947865003 , 0.8087146398
7.32 , 0.809689207 , 0.8127076272
7.34 , 0.8620966891 , 0.8143710557
7.36 , 0.9513317233 , 0.8163614885
7.38 , 0.8596592639 , 0.8235092337
7.4 , 0.856538019 , 0.84518394
7.42 , 0.7743753794 , 0.8503457256
7.44 , 0.8723695626 , 0.8623998597
7.46 , 0.7700996608 , 0.8664974904
7.48 , 0.9956431525 , 0.8852161958
7.5 , 0.8029912302 , 0.9125654192
7.52 , 0.8287666359 , 0.911529583
7.54 , 0.9123952895 , 0.9165354836
7.56 , 0.9704213527 , 0.9259737757
7.58 , 1.054553375 , 0.9477561896
7.6 , 0.9961436265 , 0.9523081045
7.62 , 1.055941523 , 0.9782401089
7.64 , 0.9600233512 , 0.994727701
7.66 , 0.9806912152 , 1.026138898
7.68 , 0.943799026 , 1.043739529
7.7 , 0.9389191215 , 1.062486052
7.72 , 1.28378118 , 1.088732602
7.74 , 1.152865039 , 1.108135456
7.76 , 1.065720824 , 1.130246846
7.78 , 0.8907695463 , 1.141405667
7.8 , 1.203968074 , 1.145658
7.82 , 1.362087979 , 1.158653952
7.84 , 1.190366969 , 1.158761308
7.86 , 1.144887813 , 1.169681037
7.88 , 1.16844823 , 1.178951553
7.9 , 1.316092873 , 1.180943419
7.92 , 1.102358213 , 1.182026792
7.94 , 1.246419728 , 1.180209312
7.96 , 1.062290472 , 1.178809291
7.98 , 1.264184443 , 1.188272779
8 , 1.024755364 , 1.195294076
8.02 , 1.109761554 , 1.203953924
8.04 , 1.257383754 , 1.228861228
8.06 , 1.273532242 , 1.242629219
8.08 , 1.348980822 , 1.260896723
8.1 , 1.365585102 , 1.271296334
8.12 , 1.112625233 , 1.311667886
8.14 , 1.570383259 , 1.342834278
8.16 , 1.272751241 , 1.372653803
8.18 , 1.415793075 , 1.398021331
8.2 , 1.469287956 , 1.416564465
8.22 , 1.394195546 , 1.457987968
8.24 , 1.49153117 , 1.468805492
8.26 , 1.406147676 , 1.49255539
8.28 , 1.473640122 , 1.504187189
8.3 , 1.609602583 , 1.544348914
8.32 , 1.59483714 , 1.563220441
8.34 , 1.468539769 , 1.566347302
8.36 , 1.537248087 , 1.566739916
8.38 , 1.672715735 , 1.578594019
8.4 , 1.768334998 , 1.568413622
8.42 , 1.509909672 , 1.585080918
8.44 , 1.616557117 , 1.619622286
8.46 , 1.588731976 , 1.677447176
8.48 , 1.817284469 , 1.684805793
8.5 , 1.715969697 , 1.722469249
8.52 , 1.473496226 , 1.744661578
8.54 , 1.891293198 , 1.779908114
8.56 , 1.648460631 , 1.807255979
8.58 , 1.70043335 , 1.844308526
8.6 , 1.665319111 , 1.874888914
8.62 , 2.156544036 , 1.900241625
8.64 , 2.368589119 , 1.910955867
8.66 , 2.029475728 , 1.899129488
8.68 , 1.864307002 , 1.90644757
8.7 , 2.065055509 , 1.895069016
8.72 , 1.433051679 , 1.864137254
8.74 , 1.627601485 , 1.814134684
8.76 , 1.914401694 , 1.792211652
8.78 , 2.105204433 , 1.785500497
8.8 , 1.659102604 , 1.792073952
8.82 , 1.822914833 , 1.776276597
8.84 , 1.554463622 , 1.772217441
8.86 , 1.796870494 , 1.806256639
8.88 , 1.580236387 , 1.818989309
8.9 , 1.909199167 , 1.866922824
8.92 , 1.881081859 , 1.911975921
8.94 , 1.996323506 , 1.989766622
8.96 , 2.138132651 , 2.008957985
8.98 , 1.964545916 , 2.026446985
9 , 2.363240471 , 2.039990868
9.02 , 2.289858522 , 2.045231196
9.04 , 2.15086989 , 2.037283193
9.06 , 1.866500432 , 2.072800922
9.08 , 1.887816136 , 2.127489249
9.1 , 2.070981379 , 2.131361475
9.12 , 2.203676482 , 2.092938518
9.14 , 1.966046393 , 2.109290629
9.16 , 1.929671456 , 2.079588175
9.18 , 2.119059621 , 2.103043122
9.2 , 1.995587172 , 2.098240612
9.22 , 2.306725487 , 2.133714753
9.24 , 2.18017512 , 2.156811737
9.26 , 2.608043111 , 2.180110857
9.28 , 2.016995186 , 2.225810957
9.3 , 2.374284984 , 2.27221522
9.32 , 2.304741497 , 2.320634245
9.34 , 2.052456466 , 2.33454421
9.36 , 2.088992069 , 2.344293805
9.38 , 2.228312736 , 2.345194575
9.4 , 2.833667041 , 2.35568446
9.42 , 2.499562477 , 2.363478464
9.44 , 2.071228996 , 2.356509074
9.46 , 2.710761507 , 2.345936282
9.48 , 2.076870889 , 2.331719405
9.5 , 2.608753874 , 2.344104485
9.52 , 2.234501691 , 2.368824851
9.54 , 2.476316423 , 2.394548633
9.56 , 2.390673504 , 2.43296494
9.58 , 2.094433743 , 2.452772948
9.6 , 2.359556908 , 2.458582218
9.62 , 2.585258678 , 2.488335844
9.64 , 2.544664925 , 2.485980794
9.66 , 2.460495071 , 2.503052042
9.68 , 2.634050616 , 2.52599051
9.7 , 2.693009163 , 2.578977388
9.72 , 2.769599504 , 2.634910839
9.74 , 2.76653397 , 2.674210167
9.76 , 2.668449108 , 2.706027967
9.78 , 2.823755165 , 2.752051666
9.8 , 2.452128419 , 2.778654742
9.82 , 2.566110896 , 2.814540313
9.84 , 2.851190017 , 2.824336911
9.86 , 2.608912582 , 2.851965606
9.88 , 3.134149508 , 2.81341829
9.9 , 2.744396167 , 2.772623136
9.92 , 3.05311647 , 2.768949827
9.94 , 3.033247245 , 2.758905885
9.96 , 2.703605139 , 2.75091975
9.98 , 2.921990067 , 2.732397517
10 , 2.533176412 , 2.753228796
10.02 , 2.649899392 , 2.762341381
10.04 , 2.444459926 , 2.771541717
10.06 , 2.798881469 , 2.775698422
10.08 , 2.684289123 , 2.75888808
10.1 , 2.443210423 , 2.752856828
10.12 , 2.895902363 , 2.736665353
10.14 , 2.683274782 , 2.732631885
10.16 , 2.987092494 , 2.760183537
10.18 , 3.456545612 , 2.785507866
10.2 , 2.840554255 , 2.811758623
10.22 , 2.697812631 , 2.844088229
10.24 , 2.844043703 , 2.905519101
10.26 , 2.72272122 , 2.92341202
10.28 , 2.87021299 , 2.922698712
10.3 , 2.512425337 , 2.971591305
10.32 , 2.953062126 , 2.950844928
10.34 , 2.923346067 , 2.937471339
10.36 , 3.056611462 , 2.937094009
10.38 , 3.241701803 , 2.964440726
10.4 , 3.022447962 , 2.942025675
10.42 , 3.12031337 , 2.950920558
10.44 , 3.145511559 , 2.965857926
10.46 , 2.757329456 , 2.976906234
10.48 , 2.988963439 , 2.99361314
10.5 , 3.073025427 , 2.983902366
10.52 , 2.496767683 , 2.944870459
10.54 , 2.888191072 , 2.925166302
10.56 , 3.169692078 , 2.957243787
10.58 , 2.869298902 , 2.955324969
10.6 , 2.665528685 , 3.000773376
10.62 , 3.552394306 , 2.987846319
10.64 , 2.983055998 , 3.007388406
10.66 , 2.722908331 , 3.030676355
10.68 , 2.975336667 , 3.045582834
10.7 , 3.333895066 , 3.057675954
10.72 , 2.817951354 , 3.06072738
10.74 , 3.270930405 , 3.037625353
10.76 , 3.027250505 , 3.024080708
10.78 , 3.309661647 , 3.006952199
10.8 , 3.171139611 , 3.002073033
10.82 , 2.765648663 , 2.963672504
10.84 , 2.702797914 , 2.893556887
10.86 , 2.367855671 , 2.852876165
10.88 , 3.010740571 , 2.831564238
10.9 , 2.566228581 , 2.771180983
10.92 , 3.430042715 , 2.757069819
10.94 , 2.738805152 , 2.784272578
10.96 , 2.6502696 , 2.773319538
10.98 , 2.954610201 , 2.814161511
11 , 2.764032315 , 2.878442783
11.02 , 2.808472538 , 2.938424433
11.04 , 3.073132567 , 2.974155042
11.06 , 2.535759692 , 3.058881006
11.08 , 2.843210156 , 3.094460339
11.1 , 3.219432943 , 3.135910247
11.12 , 3.5107762 , 3.149668206
11.14 , 3.526990934 , 3.126370333
11.16 , 3.351561022 , 3.143451989
11.18 , 3.086773781 , 3.150341578
11.2 , 3.475641757 , 3.140294262
11.22 , 2.86058896 , 3.104254413
11.24 , 2.948113643 , 3.123366761
11.26 , 2.864550327 , 3.081346943
11.28 , 2.74460887 , 3.042587506
11.3 , 3.071548506 , 3.020320628
11.32 , 3.032887673 , 2.959092862
11.34 , 2.943597024 , 2.925567921
11.36 , 2.825526167 , 2.893230999
11.38 , 3.22692479 , 2.900580523
11.4 , 2.94502679 , 2.938756139
11.42 , 2.95002361 , 2.965857451
11.44 , 3.053580646 , 2.994058189
11.46 , 2.625218895 , 3.037844566
11.48 , 3.237159101 , 3.040405233
11.5 , 3.433172632 , 3.045870264
11.52 , 2.75510504 , 3.066309049
11.54 , 2.659534522 , 3.046671669
11.56 , 3.13807203 , 3.047700977
11.58 , 3.33231133 , 3.072032655
11.6 , 3.118254961 , 3.063953172
11.62 , 3.334226409 , 3.04442499
11.64 , 2.871104849 , 3.000392601
11.66 , 2.905129394 , 2.965109109
11.68 , 2.501988755 , 2.962607445
11.7 , 3.279428597 , 2.995916721
11.72 , 3.196036818 , 2.945855853
11.74 , 2.776273501 , 2.913360485
11.76 , 2.646292191 , 2.86555583
11.78 , 3.192339518 , 2.843734231
11.8 , 2.729581351 , 2.854158464
11.82 , 2.706158648 , 2.827044069
11.84 , 2.767687982 , 2.798896473
11.86 , 2.683945564 , 2.809317434
11.88 , 2.606947903 , 2.8380675
11.9 , 3.375741287 , 2.859267867
11.92 , 3.138665765 , 2.856869274
11.94 , 2.793208143 , 2.852302877
11.96 , 2.445332052 , 2.812622311
11.98 , 2.31782326 , 2.777262672
12 , 2.713220229 , 2.745395364
12.02 , 3.509711903 , 2.760558223
12.04 , 2.781658853 , 2.721529873
12.06 , 2.850013112 , 2.666086633
12.08 , 2.359658729 , 2.645524883
12.1 , 2.716814966 , 2.632363134
12.12 , 2.634571331 , 2.600048925
12.14 , 2.258251281 , 2.598482855
12.16 , 2.473277997 , 2.594904843
12.18 , 2.514640507 , 2.568482454
12.2 , 2.439415747 , 2.561728611
12.22 , 2.661749462 , 2.60268273
12.24 , 2.709180761 , 2.598244803
12.26 , 2.775415374 , 2.577613193
12.28 , 2.728378974 , 2.53896224
12.3 , 2.501560603 , 2.534536361
12.32 , 2.51369724 , 2.57151322
12.34 , 2.770613403 , 2.613143671
12.36 , 2.578167095 , 2.595997985
12.38 , 2.340230643 , 2.573871169
12.4 , 2.519569094 , 2.525561602
12.42 , 2.290920601 , 2.517465199
12.44 , 2.453135261 , 2.493894577
12.46 , 2.730775691 , 2.470255331
12.48 , 2.761719077 , 2.471807029
12.5 , 2.283294047 , 2.481013334
12.52 , 2.139823721 , 2.500725136
12.54 , 2.554050268 , 2.50628505
12.56 , 2.730932718 , 2.505650978
12.58 , 2.752988849 , 2.518835082
12.6 , 2.258222052 , 2.490788614
12.62 , 2.206095714 , 2.452938776
12.64 , 2.337050745 , 2.415747703
12.66 , 2.564532366 , 2.385755709
12.68 , 2.775763468 , 2.330244599
12.7 , 2.455635838 , 2.285097111
12.72 , 2.109579288 , 2.260007628
12.74 , 2.159022179 , 2.231670988
12.76 , 2.111280085 , 2.215584821
12.78 , 2.044283682 , 2.217408892
12.8 , 1.927547213 , 2.187483469
12.82 , 2.065070063 , 2.139609917
12.84 , 2.351195694 , 2.126025674
12.86 , 2.017890243 , 2.138466926
12.88 , 2.03129543 , 2.145243765
12.9 , 2.551596917 , 2.141518891
12.92 , 2.242968355 , 2.116632215
12.94 , 2.240296544 , 2.130990404
12.96 , 2.072424355 , 2.131194303
12.98 , 2.126103173 , 2.14608965
13 , 1.943362901 , 2.103924722
13.02 , 1.962799247 , 2.069451957
13.04 , 1.992677886 , 2.039233009
13.06 , 2.045086968 , 1.992563349
13.08 , 1.875931209 , 1.967008116
13.1 , 2.205446985 , 1.920979459
13.12 , 2.000908505 , 1.913030343
13.14 , 1.797523968 , 1.905932835
13.16 , 1.80694663 , 1.902481065
13.18 , 1.745442763 , 1.864249403
13.2 , 1.792099114 , 1.855337107
13.22 , 1.853777453 , 1.85641878
13.24 , 1.727704475 , 1.820476825
13.26 , 2.115346018 , 1.802960814
13.28 , 1.796807867 , 1.801747716
13.3 , 2.158178821 , 1.771413902
13.32 , 1.3307746 , 1.751595593
13.34 , 1.756065745 , 1.735311006
13.36 , 1.952555752 , 1.712170644
13.38 , 1.413507935 , 1.71401963
13.4 , 1.767825122 , 1.708083043
13.42 , 1.295859106 , 1.701617122
13.44 , 1.82641613 , 1.665023441
13.46 , 1.730370128 , 1.645964273
13.48 , 1.880558841 , 1.620271057
13.5 , 1.575223431 , 1.602210341
13.52 , 1.651081058 , 1.603629495
13.54 , 1.60817916 , 1.612819821
13.56 , 1.394933504 , 1.587730536
13.58 , 1.440705458 , 1.603372577
13.6 , 1.929796706 , 1.567623381
13.62 , 1.391005398 , 1.573518663
13.64 , 1.612695755 , 1.523535252
13.66 , 1.504591198 , 1.526795121
13.68 , 1.211453883 , 1.497589838
13.7 , 1.578586442 , 1.45260216
13.72 , 1.627278426 , 1.42888149
13.74 , 1.486414477 , 1.400411328
13.76 , 1.286414749 , 1.407997711
13.78 , 1.530797731 , 1.385881339
13.8 , 1.216971021 , 1.369985203
13.82 , 1.181501599 , 1.336710964
13.84 , 1.35630247 , 1.31127067
13.86 , 1.592065153 , 1.296138386
13.88 , 0.9924754717 , 1.281558973
13.9 , 1.443158963 , 1.285585654
13.92 , 0.9495712539 , 1.297832091
13.94 , 1.486321927 , 1.274104584
13.96 , 1.19735208 , 1.264419401
13.98 , 1.417836676 , 1.247634446
14 , 1.212257697 , 1.237825878
14.02 , 1.268573246 , 1.233470308
14.04 , 1.066928081 , 1.215702788
14.06 , 1.225806361 , 1.182435904
14.08 , 1.288676336 , 1.158901958
14.1 , 1.170036167 , 1.15087243
14.12 , 1.196896319 , 1.112573253
14.14 , 1.109031537 , 1.099885046
14.16 , 0.879016515 , 1.088470958
14.18 , 1.0136239 , 1.074408958
14.2 , 0.9767134306 , 1.029935511
14.22 , 1.006204435 , 1.025857348
14.24 , 1.081205268 , 1.009286232
14.26 , 1.104682577 , 1.021751939
14.28 , 0.9297725785 , 1.01287516
14.3 , 1.018544668 , 1.018380456
14.32 , 1.205171436 , 1.004514228
14.34 , 0.9763060345 , 1.003424143
14.36 , 1.007918613 , 0.9965061987
14.38 , 0.8452949405 , 1.000702562
14.4 , 0.9451569714 , 0.9942909764
14.42 , 1.083271963 , 0.9794873665
14.44 , 0.8692095053 , 0.9619580422
14.46 , 1.043088614 , 0.9508155538
14.48 , 0.9488961166 , 0.9305747616
14.5 , 1.017160744 , 0.9122937769
14.52 , 0.8008592668 , 0.8890787194
14.54 , 0.7833637772 , 0.8821683886
14.56 , 0.9102772707 , 0.8639713183
14.58 , 0.8106378912 , 0.8528011064
14.6 , 0.8671473451 , 0.8355369602
14.62 , 0.8690074401 , 0.8286144808
14.64 , 0.757509448 , 0.8173962932
14.66 , 0.8113595816 , 0.7920760014
14.68 , 0.8063030053 , 0.7671168062
14.7 , 0.7915410611 , 0.7453337326
14.72 , 0.7254601811 , 0.7386587702
14.74 , 0.7001285802 , 0.7413808148
14.76 , 0.5769443831 , 0.7250240693
14.78 , 0.841618707 , 0.7224646606
14.8 , 0.8312040112 , 0.7077805133
14.82 , 0.6532488985 , 0.6995442766
14.84 , 0.5647378644 , 0.6851577499
14.86 , 0.7660266912 , 0.6725825983
14.88 , 0.5363292567 , 0.6689007079
14.9 , 0.6895975691 , 0.6595401602
14.92 , 0.682517895 , 0.6544885325
14.94 , 0.7060399329 , 0.6464908716
14.96 , 0.6890776019 , 0.639043009
14.98 , 0.7217873423 , 0.6399953785
15 , 0.5370618822 , 0.6338244479
15.02 , 0.5401023339 , 0.6249875213
15.04 , 0.5238549427 , 0.6102684507
15.06 , 0.7217952108 , 0.6024188468
15.08 , 0.5866580908 , 0.5974147142
15.1 , 0.6015754089 , 0.6057294619
15.12 , 0.5382688224 , 0.59543494
15.14 , 0.5906950491 , 0.5734632559
15.16 , 0.6600681593 , 0.5574460337
15.18 , 0.5084979904 , 0.5456758797
15.2 , 0.5426353165 , 0.52207083
15.22 , 0.5372102076 , 0.5161233847
15.24 , 0.4893295594 , 0.4996235908
15.26 , 0.4453272762 , 0.4900292981
15.28 , 0.4609148545 , 0.4755559688
15.3 , 0.5180782445 , 0.4610841408
15.32 , 0.4660961434 , 0.4435710496
15.34 , 0.4445028548 , 0.4344328117
15.36 , 0.3307326069 , 0.4298016682
15.38 , 0.364969065 , 0.4339566551
15.4 , 0.3875509358 , 0.42678818
15.42 , 0.4788976879 , 0.422411833
15.44 , 0.4877180775 , 0.4239237842
15.46 , 0.4410497334 , 0.4246402956
15.48 , 0.4641799435 , 0.4267252397
15.5 , 0.420094275 , 0.4204328559
15.52 , 0.3961813522 , 0.4205724891
15.54 , 0.4550061365 , 0.4139819634
15.56 , 0.3441221248 , 0.4096536319
15.58 , 0.4299277172 , 0.3991570535
15.6 , 0.3769517762 , 0.3914633076
15.62 , 0.3642320469 , 0.3863672436
15.64 , 0.3905860303 , 0.3743470043
15.66 , 0.3507633962 , 0.3619231437
15.68 , 0.3369696888 , 0.3456751661
15.7 , 0.3753783998 , 0.342798182
15.72 , 0.3687009205 , 0.3448518736
15.74 , 0.2849547022 , 0.3431794867
15.76 , 0.388549937 , 0.343980953
15.78 , 0.2960255557 , 0.3429894844
15.8 , 0.3486803629 , 0.3491673219
15.82 , 0.3444359221 , 0.3518891039
15.84 , 0.3788495094 , 0.3565616473
15.86 , 0.326594251 , 0.3610765701
15.88 , 0.4360600067 , 0.3644608739
15.9 , 0.348575734 , 0.3770269979
15.92 , 0.3474297623 , 0.3775585925
15.94 , 0.4182708004 , 0.3888968982
15.96 , 0.4218797062 , 0.3987782099
15.98 , 0.4376883821 , 0.4051391773
16 , 0.3722029721 , 0.4218182714
16.02 , 0.4539428622 , 0.4533099083
16.04 , 0.5397448044 , 0.4848296735
16.06 , 0.4352810224 , 0.501950433
16.08 , 0.522132354 , 0.5213798807
16.1 , 0.5213936126 , 0.5429724044
16.12 , 0.6446721039 , 0.6245285744
16.14 , 0.687507493 , 0.6731453576
16.16 , 0.7608656499 , 0.7651264485
16.18 , 0.7868653565 , 0.8375847683
16.2 , 0.9066723345 , 0.9128848907
16.22 , 1.071541197 , 0.9922917326
16.24 , 1.027585758 , 1.070542033
16.26 , 1.257688855 , 1.182137004
16.28 , 1.323065681 , 1.330988391
16.3 , 1.337238952 , 1.438258941
16.32 , 1.514967836 , 1.577018157
16.34 , 1.896344079 , 1.754975484
16.36 , 2.20793603 , 1.947702113
16.38 , 2.158500608 , 2.125905083
16.4 , 2.065323727 , 2.309628619
16.42 , 1.993216047 , 2.523769058
16.44 , 3.021956115 , 2.715301287
16.46 , 2.654962018 , 2.945238665
16.48 , 3.596600143 , 3.202225759
16.5 , 3.652357778 , 3.469188578
16.52 , 3.807283122 , 3.751960036
16.54 , 4.105054531 , 4.015603257
16.56 , 3.965019956 , 4.197536823
16.58 , 4.40290776 , 4.491545189
16.6 , 5.349022192 , 4.796137574
16.62 , 4.749728954 , 5.104404909
16.64 , 5.132791275 , 5.501167053
16.66 , 5.778077942 , 5.912385907
16.68 , 6.387653299 , 6.24650834
16.7 , 6.540114304 , 6.532357029
16.72 , 6.617288691 , 6.762649401
16.74 , 7.329088645 , 6.968487745
16.76 , 6.862296519 , 7.262626756
16.78 , 7.41692718 , 7.515110292
16.8 , 7.986609635 , 7.823873539
16.82 , 8.456636143 , 8.02186765
16.84 , 9.107914538 , 8.221459189
16.86 , 9.188355051 , 8.34900903
16.88 , 7.3260764 , 8.519665396
16.9 , 8.265236872 , 8.681095596
16.92 , 8.161133207 , 8.759506336
16.94 , 7.652005746 , 8.83924752
16.96 , 8.931769801 , 8.989203939
16.98 , 9.920968245 , 9.031752393
17 , 9.708980914 , 9.059015354
17.02 , 9.855980354 , 9.038632315
17.04 , 9.164759984 , 8.998186177
17.06 , 8.056199726 , 8.890327991
17.08 , 8.600672523 , 8.767174208
17.1 , 8.547018004 , 8.697199309
17.12 , 9.225041243 , 8.589175799
17.14 , 8.294194084 , 8.399569664
17.16 , 8.466989094 , 8.176930179
17.18 , 7.08624702 , 7.87358429
17.2 , 7.889478445 , 7.56381529
17.22 , 7.645191462 , 7.328653372
17.24 , 5.978244095 , 7.043766565
17.26 , 6.526103706 , 6.768805231
17.28 , 7.605388581 , 6.591739974
17.3 , 6.116610915 , 6.383858081
17.32 , 6.129206313 , 6.119527648
17.34 , 5.94332795 , 5.845141792
17.36 , 5.991549267 , 5.532947437
17.38 , 4.660565713 , 5.230698848
17.4 , 4.729711612 , 4.980119552
17.42 , 5.151618423 , 4.73645191
17.44 , 5.018736945 , 4.49175932
17.46 , 3.990169142 , 4.177771415
17.48 , 3.622146538 , 3.888710894
17.5 , 2.89527128 , 3.561722419
17.52 , 3.553672451 , 3.305005381
17.54 , 3.271754922 , 3.001914265
17.56 , 2.86940035 , 2.688968715
17.58 , 2.335861702 , 2.482250458
17.6 , 2.376086206 , 2.276917482
17.62 , 2.055208013 , 2.007875537
17.64 , 1.779603106 , 1.809359075
17.66 , 1.536280589 , 1.615522761
17.68 , 1.390791276 , 1.437361646
17.7 , 1.322881891 , 1.241346357
17.72 , 0.8579542667 , 1.124241336
17.74 , 1.081116185 , 1.028190003
17.76 , 0.9643280713 , 0.9071022375
17.78 , 0.765326341 , 0.7669845213
17.8 , 0.7174534705 , 0.6664183636
17.82 , 0.6340637299 , 0.5848701393
17.84 , 0.5431566674 , 0.5589366858
17.86 , 0.4902240708 , 0.5004030735
17.88 , 0.4789838127 , 0.4402139082
17.9 , 0.4330686025 , 0.3857468595
17.92 , 0.2736864879 , 0.352128333
17.94 , 0.3183349295 , 0.3065090209
17.96 , 0.2748800478 , 0.2649455982
17.98 , 0.1773635958 , 0.2276994883
18 , 0.2253750624 , 0.1963520583
18.02 , 0.171917462 , 0.1670567988
18.04 , 0.1313766529 , 0.1335611853
18.06 , 0.1322928849 , 0.1255944305
18.08 , 0.1004929324 , 0.1061467484
18.1 , 0.07997261991 , 0.08672119282
18.12 , 0.07053018608 , 0.07498064846
18.14 , 0.06654629952 , 0.06370218087
18.16 , 0.06500653037 , 0.05466005318
18.18 , 0.050034398 , 0.04896024727
18.2 , 0.03615495911 , 0.0449898474
18.22 , 0.03976750564 , 0.03931936377
18.24 , 0.03249317891 , 0.03208453462
18.26 , 0.02695938207 , 0.03222873247
18.28 , 0.03084742004 , 0.02882147873
18.3 , 0.02977542542 , 0.02533826866
18.32 , 0.02842465641 , 0.0264265769
18.34 , 0.02574944177 , 0.02377982663
18.36 , 0.02547509764 , 0.0217483517
18.38 , 0.01662500086 , 0.02092249193
18.4 , 0.02067251732 , 0.01885571276
18.42 , 0.01445057631 , 0.01738132023
18.44 , 0.01654164869 , 0.01635583614
18.46 , 0.01339684031 , 0.01566178962
18.48 , 0.01454559657 , 0.01479324036
18.5 , 0.01309343145 , 0.01331591582
18.52 , 0.01046934342 , 0.01206637626
18.54 , 0.01242012325 , 0.01148945117
18.56 , 0.01190268044 , 0.01068903689
18.58 , 0.01183914793 , 0.01024366441
18.6 , 0.008599243007 , 0.01019940905
18.62 , 0.01045584081 , 0.01006720868
18.64 , 0.009428187073 , 0.00996156474
18.66 , 0.01131300748 , 0.009748860495
18.68 , 0.008211208907 , 0.009519919887
18.7 , 0.009126298591 , 0.009086584677
18.72 , 0.008812561173 , 0.008970129727
18.74 , 0.009167564848 , 0.008574249265
18.76 , 0.006862360276 , 0.008406607329
18.78 , 0.008745690115 , 0.008110488364
18.8 , 0.009016450452 , 0.007912284732
18.82 , 0.008124530792 , 0.007600800547
18.84 , 0.007066563229 , 0.007347367783
18.86 , 0.006726906489 , 0.007233352018
18.88 , 0.006711456468 , 0.006982093366
18.9 , 0.006934650185 , 0.006717023694
18.92 , 0.005798949062 , 0.006394409892
18.94 , 0.005906635599 , 0.006251714775
18.96 , 0.006480034788 , 0.006028142849
18.98 , 0.005747080738 , 0.005880970378
19 , 0.005704278255 , 0.005563488367
19.02 , 0.006195192212 , 0.005446736113
19.04 , 0.00502573672 , 0.005282756427
19.06 , 0.005499147948 , 0.005181022915
19.08 , 0.004701160841 , 0.005022093756
19.1 , 0.005115912658 , 0.005023297324
19.12 , 0.004532938327 , 0.004948879083
19.14 , 0.004092810002 , 0.004791315955
19.16 , 0.004805721759 , 0.004628883484
19.18 , 0.004835932789 , 0.004481145511
19.2 , 0.004361250388 , 0.004348791454
19.22 , 0.004348981419 , 0.004222552709
19.24 , 0.004332561003 , 0.004077728789
19.26 , 0.004158663082 , 0.00397732834
19.28 , 0.003925640256 , 0.003836856119
19.3 , 0.003988275674 , 0.003693813253
19.32 , 0.003084047603 , 0.003573805874
19.34 , 0.003397768344 , 0.003430808098
19.36 , 0.002726863386 , 0.003254376284
19.38 , 0.003252436327 , 0.003128204443
19.4 , 0.002838864621 , 0.002978242759
19.42 , 0.002861831467 , 0.002855998194
19.44 , 0.003080913723 , 0.002718144137
19.46 , 0.002749912734 , 0.002615384541
19.48 , 0.002726792453 , 0.00257122566
19.5 , 0.002328915946 , 0.002498785528
19.52 , 0.002150094704 , 0.002419841832
19.54 , 0.002192639687 , 0.002369060751
19.56 , 0.002554750817 , 0.002310043909
19.58 , 0.002605456647 , 0.002243079262
19.6 , 0.001718984134 , 0.00217766742
19.62 , 0.002236055823 , 0.00210938209
19.64 , 0.002244590022 , 0.002023362991
19.66 , 0.001767386289 , 0.0019711546
19.68 , 0.001900460197 , 0.00189235788
19.7 , 0.001798124557 , 0.001806325511
19.72 , 0.001946116324 , 0.001733553663
19.74 , 0.001642922055 , 0.001706062726
19.76 , 0.001637665737 , 0.001691649474
19.78 , 0.00153957583 , 0.001658261649
19.8 , 0.001630475176 , 0.001625715166
19.82 , 0.001500935328 , 0.001572729871
19.84 , 0.001446906532 , 0.001522539054
19.86 , 0.00151077296 , 0.001472655309
19.88 , 0.001327146853 , 0.001413316318
19.9 , 0.001208386529 , 0.001315292535
19.92 , 0.001219090858 , 0.001181995033
19.94 , 0.001141786219 , 0.00108456009
19.96 , 0.001304014282 , 0.0009524336091
19.98 , 0.001275812295 , 0.0008021005346
