0 , -3.5 , -3.641740675 , -0.8950211183, 0 , 0
0.2 , -3.5 , -3.519593013 , -0.8829902564, 0 , 0
0.4 , -3.5 , -3.294041032 , -0.8665851286, 0 , 0
0.6 , -3.5 , -3.343801123 , -0.8440059809, 0 , 0
0.8 , -3.5 , -3.468303659 , -0.8119548577, 0 , 0
1 , -3.5 , -3.312325197 , -0.7718451866, 0 , 0
1.2 , -3.5 , -3.460193173 , -0.7267978397, 0 , 0
1.4 , -3.5 , -3.525414934 , -0.6809897323, 0 , 0
1.6 , -3.5 , -3.681664789 , -0.6260590865, 0 , 0
1.8 , -3.5 , -3.574971233 , -0.5698191386, 0 , 0
2 , -3.5 , -3.245916318 , -0.5106709253, 0 , 0
2.2 , -3.5 , -3.624136871 , -0.4474331249, 0 , 0
2.4 , -3.5 , -3.361068201 , -0.393458676, 0 , 0
2.6 , -3.5 , -3.451079771 , -0.325941773, 0 , 0
2.8 , -3.5 , -3.366391667 , -0.2634383377, 0 , 0
3 , -3.5 , -3.717831004 , -0.2071021134, 0 , 0
3.2 , -3.5 , -3.422977488 , -0.1536277204, 0 , 0
3.4 , -3.5 , -3.49583946 , -0.1008597917, 0 , 0
3.6 , -3.5 , -3.376121132 , -0.04621367787, 0 , 0
3.8 , -3.5 , -3.374192207 , 0.0006912229933, 0 , 0
4 , -3.5 , -3.525366259 , 0.04054625978, 0 , 0
4.2 , -3.5 , -3.610970629 , 0.07376684933, 0 , 0
4.4 , -3.5 , -3.324754339 , 0.09903111237, 0 , 0
4.6 , -3.5 , -3.34836477 , 0.1284073567, 0 , 0
4.8 , -3.5 , -3.626630799 , 0.1397902715, 0 , 0
5 , -3.5 , -3.800481355 , 0.1516245734, 0 , 0
5.2 , -3.5 , -3.463108019 , 0.1548646768, 0 , 0
5.4 , -3.5 , -3.543591622 , 0.1583856577, 0 , 0
5.6 , -3.5 , -3.310491768 , 0.1533248163, 0 , 0
5.8 , -3.5 , -3.424918931 , 0.1383297753, 0 , 0
6 , -3.5 , -3.454022829 , 0.1226027856, 0 , 0
6.2 , -3.5 , -3.457406928 , 0.1031522073, 0 , 0
6.4 , -3.5 , -3.70125964 , 0.07618800548, 0 , 0
6.6 , -3.5 , -3.36901345 , 0.0510640692, 0 , 0
6.8 , -3.5 , -3.314401578 , 0.02510057556, 0 , 0
7 , -3.5 , -3.658459331 , 0.006151979223, 0 , 0
7.2 , -3.5 , -3.784575454 , -0.01881585156, 0 , 0
7.4 , -3.5 , -3.549163638 , -0.03903087204, 0 , 0
7.6 , -3.5 , -3.798351473 , -0.05879156536, 0 , 0
7.8 , -3.5 , -3.693809313 , -0.0735185857, 0 , 0
8 , -3.5 , -3.355459507 , -0.08722968631, 0 , 0
8.2 , -3.5 , -3.735497693 , -0.09882584211, 0 , 0
8.4 , -3.5 , -3.672107932 , -0.103830162, 0 , 0
8.6 , -3.5 , -3.631247657 , -0.1024760642, 0 , 0
8.8 , -3.5 , -3.634114489 , -0.1002170977, 0 , 0
9 , -3.5 , -3.661796777 , -0.09525898136, 0 , 0
9.2 , -3.5 , -3.390892858 , -0.08381492293, 0 , 0
9.4 , -3.5 , -3.801710406 , -0.07070766988, 0 , 0
9.6 , -3.5 , -3.782545119 , -0.05433330385, 0 , 0
9.8 , -3.5 , -3.279636107 , -0.03314222267, 0 , 0
10 , -3.5 , -3.541477606 , -0.009965313704, 0 , 0
10.2 , -3.5 , -3.33614095 , 0.01479806031, 0 , 0
10.4 , -3.5 , -3.708557759 , 0.03214930372, 0 , 0
10.6 , -3.5 , -3.688480242 , 0.04987937054, 0 , 0
10.8 , -3.5 , -3.404862903 , 0.06748088633, 0 , 0
11 , -3.5 , -3.799142413 , 0.07606975855, 0 , 0
11.2 , -3.5 , -3.282847493 , 0.073807834, 0 , 0
11.4 , -3.5 , -3.673883239 , 0.06543601799, 0 , 0
11.6 , -3.5 , -3.48179731 , 0.04936278673, 0 , 0
11.8 , -3.5 , -3.397537456 , 0.02962605446, 0 , 0
12 , -3.5 , -3.282385707 , 0.00653889301, 0 , 0
12.2 , -3.5 , -3.66036293 , -0.01497500834, 0 , 0
12.4 , -3.5 , -3.574089227 , -0.0288225304, 0 , 0
12.6 , -3.5 , -3.652054836 , -0.01922131949, 0 , 0
12.8 , -3.5 , -3.626461796 , 0.02301605502, 0 , 0
13 , -3.5 , -3.437043216 , 0.02436975986, 0 , 0
13.2 , -3.5 , -3.600375677 , 0.02551944734, 0 , 0
13.4 , -3.5 , -3.751032921 , 0.02332848886, 0 , 0
13.6 , -3.5 , -3.665087047 , 0.02404275749, 0 , 0
13.8 , -3.5 , -3.526445606 , 0.02314957849, 0 , 0
14 , -3.5 , -3.486798809 , 0.02941393427, 0 , 0
14.2 , -3.5 , -3.773409554 , 0.03006150869, 0 , 0
14.4 , -3.5 , -3.497872778 , 0.02787748297, 0 , 0
14.6 , -3.5 , -3.577848376 , 0.02271481812, 0 , 0
14.8 , -3.5 , -3.543687359 , 0.01725035788, 0 , 0
15 , -3.5 , -3.298709041 , 0.02057077104, 0 , 0
15.2 , -3.5 , -4.022502335 , 0.01830647188, 0 , 0
15.4 , -3.5 , -3.252119262 , 0.01816692678, 0 , 0
15.6 , -3.5 , -3.302402936 , 0.01451409525, 0 , 0
15.8 , -3.5 , -3.550111943 , 0.01300571772, 0 , 0
16 , -3.5 , -3.703469505 , 0.005262433852, 0 , 0
16.2 , -3.5 , -3.689860949 , 0.002427452097, 0 , 0
16.4 , -3.5 , -3.286341239 , 0.001250450734, 0 , 0
16.6 , -3.5 , -3.324644713 , 0.0004887456221, 0 , 0
16.8 , -3.5 , -3.375492689 , 0.003682923617, 0 , 0
17 , -3.5 , -3.447867618 , 5.369312207e-05, 0 , 0
17.2 , -3.5 , -3.697717711 , 0.004009165965, 0 , 0
17.4 , -3.5 , -3.00905556 , 0.004869599386, 0 , 0
17.6 , -3.5 , -3.689739029 , 0.009883835977, 0 , 0
17.8 , -3.5 , -3.39201558 , 0.01179227007, 0 , 0
18 , -3.5 , -3.586686197 , 0.01053227981, 0 , 0
18.2 , -3.5 , -3.16022003 , 0.01091014982, 0 , 0
18.4 , -3.5 , -3.177356539 , 0.009551072796, 0 , 0
18.6 , -3.5 , -3.481046199 , 0.01093908006, 0 , 0
18.8 , -3.5 , -3.312361268 , 0.01461292909, 0 , 0
19 , -3.5 , -3.293377541 , 0.02032617958, 0 , 0
19.2 , -3.5 , -3.698297521 , 0.02229075494, 0 , 0
19.4 , -3.5 , -3.671048975 , 0.02161721019, 0 , 0
19.6 , -3.5 , -3.827275609 , 0.02472528926, 0 , 0
19.8 , -3.5 , -3.384574677 , 0.03171657151, 0 , 0
20 , -3.5 , -3.747669438 , 0.03869733622, 0 , 0
20.2 , -3.476095745 , -3.563635605 , 0.04435887896, 0.1190438298 , 0.1243468434
20.4 , -3.45238196 , -3.63346222 , 0.05213656133, 0.1180952784 , 0.1165348417
20.6 , -3.428857129 , -3.422554232 , 0.05653123411, 0.1171542852 , 0.1139380808
20.8 , -3.405519746 , -3.461152601 , 0.06134845078, 0.1162207898 , 0.1164058674
21 , -3.382368317 , -3.549751707 , 0.07198523516, 0.1152947327 , 0.1147403766
21.2 , -3.359401361 , -3.376878023 , 0.07860239647, 0.1143760544 , 0.1121599295
21.4 , -3.336617408 , -3.105357211 , 0.08647770552, 0.1134646963 , 0.1125828435
21.6 , -3.314014999 , -3.176519018 , 0.09092389869, 0.1125605999 , 0.1100104099
21.8 , -3.291592687 , -3.26274761 , 0.09526696655, 0.1116637075 , 0.1161171153
22 , -3.269349039 , -3.111824122 , 0.1005303965, 0.1107739616 , 0.1193570901
22.2 , -3.24728263 , -3.249463522 , 0.1100464377, 0.1098913052 , 0.1091204694
22.4 , -3.225392048 , -3.33974318 , 0.1125613114, 0.1090156819 , 0.1022572642
22.6 , -3.203675892 , -3.259889064 , 0.1084702065, 0.1081470357 , 0.1079110022
22.8 , -3.182132773 , -3.219569963 , 0.1156105168, 0.1072853109 , 0.1029800751
23 , -3.16076131 , -3.043189275 , 0.1197734475, 0.1064304524 , 0.1105083618
23.2 , -3.139560137 , -3.416982137 , 0.1280727792, 0.1055824055 , 0.1040090178
23.4 , -3.118527897 , -3.299506643 , 0.1279653359, 0.1047411159 , 0.1124752624
23.6 , -3.097663244 , -2.912904476 , 0.1266989353, 0.1039065298 , 0.1033051394
23.8 , -3.076964842 , -2.885454776 , 0.1256543636, 0.1030785937 , 0.1051444032
24 , -3.056431367 , -3.036000623 , 0.1205317299, 0.1022572547 , 0.09951461921
24.2 , -3.036061504 , -2.938699829 , 0.1238558131, 0.1014424602 , 0.1065044972
24.4 , -3.01585395 , -2.971488356 , 0.1149848325, 0.100634158 , 0.09300340475
24.6 , -2.995807411 , -2.845310047 , 0.110912939, 0.09983229646 , 0.1009099544
24.8 , -2.975920605 , -2.874670461 , 0.1064303391, 0.09903682422 , 0.09998276855
25 , -2.956192259 , -2.957186505 , 0.1080367969, 0.09824769037 , 0.09875066513
25.2 , -2.93662111 , -3.20067592 , 0.1027884241, 0.09746484441 , 0.09365544127
25.4 , -2.917205906 , -3.044082295 , 0.09986534773, 0.09668823622 , 0.09129893016
25.6 , -2.897945403 , -2.969583854 , 0.09211679205, 0.09591781612 , 0.08956358381
25.8 , -2.87883837 , -2.848386231 , 0.08816808647, 0.0951535348 , 0.1004573381
26 , -2.859883583 , -2.678661683 , 0.08826728901, 0.09439534333 , 0.09684803598
26.2 , -2.84107983 , -3.040395909 , 0.08660564456, 0.09364319319 , 0.09495695116
26.4 , -2.822425906 , -2.939996311 , 0.08465297688, 0.09289703626 , 0.09137816301
26.6 , -2.803920619 , -2.939083717 , 0.08303417996, 0.09215682476 , 0.09423537403
26.8 , -2.785562783 , -2.594168897 , 0.08228283059, 0.09142251133 , 0.08622478377
27 , -2.767351224 , -2.731342626 , 0.08338754571, 0.09069404897 , 0.09118434838
27.2 , -2.749284777 , -2.862261129 , 0.07642094266, 0.08997139107 , 0.09000474747
27.4 , -2.731362284 , -2.860005313 , 0.07691219009, 0.08925449136 , 0.08609888544
27.6 , -2.713582599 , -2.895904354 , 0.07774224058, 0.08854330397 , 0.08923741706
27.8 , -2.695944585 , -2.687189376 , 0.0767360639, 0.08783778339 , 0.08562936668
28 , -2.678447111 , -2.529077118 , 0.08416564449, 0.08713788445 , 0.08672945003
28.2 , -2.661089059 , -2.476325544 , 0.07915863143, 0.08644356236 , 0.09007895464
28.4 , -2.643869317 , -2.577007653 , 0.08109109711, 0.0857547727 , 0.08715658794
28.6 , -2.626786784 , -2.620157635 , 0.08973629448, 0.08507147137 , 0.07602787884
28.8 , -2.609840366 , -2.684527048 , 0.09542354427, 0.08439361464 , 0.07633111816
29 , -2.593028978 , -2.679214571 , 0.09480592436, 0.08372115913 , 0.07412198228
29.2 , -2.576351545 , -2.503622673 , 0.09228433533, 0.0830540618 , 0.08538153841
29.4 , -2.559806999 , -2.602620599 , 0.09531001841, 0.08239227997 , 0.08242978476
29.6 , -2.543394282 , -2.425422452 , 0.09807499898, 0.08173577126 , 0.08105383875
29.8 , -2.527112342 , -2.804937681 , 0.1018753465, 0.08108449368 , 0.08304346158
30 , -2.510960138 , -2.163384778 , 0.1028151021, 0.08043840552 , 0.07911772426
30.2 , -2.494936636 , -2.556873291 , 0.09646284741, 0.07979746546 , 0.07970527347
30.4 , -2.479040811 , -2.492563064 , 0.1024317786, 0.07916163246 , 0.06947909596
30.6 , -2.463271646 , -2.501085399 , 0.09839921456, 0.07853086583 , 0.08044241495
30.8 , -2.44762813 , -2.360864756 , 0.0936397441, 0.0779051252 , 0.08234997451
31 , -2.432109263 , -2.440955106 , 0.08349010448, 0.07728437053 , 0.07789714207
31.2 , -2.416714052 , -2.418573125 , 0.08087701407, 0.07666856208 , 0.07888431637
31.4 , -2.401441511 , -2.529778047 , 0.07784571925, 0.07605766045 , 0.08285268088
31.6 , -2.386290663 , -2.367885072 , 0.0734630915, 0.07545162654 , 0.0784759221
31.8 , -2.371260539 , -2.145544132 , 0.07190062925, 0.07485042155 , 0.07763790594
32 , -2.356350175 , -2.358316286 , 0.07548461758, 0.07425400702 , 0.08024838943
32.2 , -2.341558619 , -2.237010494 , 0.07614988167, 0.07366234477 , 0.07560947123
32.4 , -2.326884923 , -2.344047802 , 0.07487389974, 0.07307539693 , 0.06735911524
32.6 , -2.312328149 , -2.455851425 , 0.07211335489, 0.07249312594 , 0.06376325746
32.8 , -2.297887364 , -2.327204171 , 0.07657182155, 0.07191549454 , 0.06857937478
33 , -2.283561644 , -2.222459665 , 0.07527138585, 0.07134246576 , 0.07293189065
33.2 , -2.269350073 , -2.30865317 , 0.07572483258, 0.07077400291 , 0.07153786096
33.4 , -2.255251741 , -2.254873046 , 0.07323077714, 0.07021006963 , 0.07154703086
33.6 , -2.241265745 , -2.202855992 , 0.07333533231, 0.06965062982 , 0.06434035006
33.8 , -2.227391192 , -2.236903916 , 0.07073808111, 0.06909564767 , 0.07085893644
34 , -2.213627192 , -2.160931039 , 0.06427076068, 0.06854508766 , 0.06819798629
34.2 , -2.199972864 , -2.009525918 , 0.05771951431, 0.06799891457 , 0.06075100926
34.4 , -2.186427336 , -2.19078653 , 0.05852084119, 0.06745709342 , 0.06582013019
34.6 , -2.172989739 , -2.218817532 , 0.05662373587, 0.06691958956 , 0.06490791866
34.8 , -2.159659214 , -2.07757197 , 0.05592708796, 0.06638636857 , 0.06839737791
35 , -2.146434908 , -2.081970422 , 0.05819256441, 0.06585739633 , 0.06838591732
35.2 , -2.133315975 , -2.044229166 , 0.06130790081, 0.06533263899 , 0.06728487548
35.4 , -2.120301574 , -2.292974369 , 0.06381714563, 0.06481206296 , 0.06226829582
35.6 , -2.107390873 , -2.107742124 , 0.06448177995, 0.06429563492 , 0.05908262558
35.8 , -2.094583046 , -2.025375568 , 0.06506037151, 0.06378332183 , 0.06585376113
36 , -2.081877272 , -1.944494892 , 0.06764208966, 0.06327509089 , 0.06726498445
36.2 , -2.069272739 , -2.046125368 , 0.06465905863, 0.06277090957 , 0.06291545757
36.4 , -2.05676864 , -1.959219928 , 0.05963851045, 0.06227074562 , 0.06678351603
36.6 , -2.044364175 , -2.222025833 , 0.05623708691, 0.06177456701 , 0.05765093871
36.8 , -2.03205855 , -2.01381341 , 0.05396511212, 0.061282342 , 0.06286997477
37 , -2.019850977 , -1.830134188 , 0.05182517821, 0.06079403908 , 0.05910608708
37.2 , -2.007740675 , -2.129568518 , 0.05144063864, 0.060309627 , 0.05782267925
37.4 , -1.995726869 , -1.933493562 , 0.05017039125, 0.05982907476 , 0.05892933651
37.6 , -1.98380879 , -2.026912754 , 0.05057441784, 0.0593523516 , 0.06787456245
37.8 , -1.971985675 , -1.873777934 , 0.05174289255, 0.058879427 , 0.05781869672
38 , -1.960256768 , -1.961369281 , 0.05623955569, 0.05841027072 , 0.05566360935
38.2 , -1.948621318 , -1.871871794 , 0.05302041737, 0.0579448527 , 0.05384161864
38.4 , -1.93707858 , -2.133563782 , 0.04997124224, 0.05748314318 , 0.05438017846
38.6 , -1.925627815 , -1.966238663 , 0.04875388477, 0.0570251126 , 0.05754232206
38.8 , -1.914268291 , -1.96586619 , 0.04769797784, 0.05657073165 , 0.05734181605
39 , -1.902999281 , -2.038193705 , 0.05386182724, 0.05611997124 , 0.05676355625
39.2 , -1.891820063 , -1.878160632 , 0.05322467431, 0.05567280253 , 0.05880034257
39.4 , -1.880729922 , -1.785476191 , 0.05128783406, 0.0552291969 , 0.05474950142
39.6 , -1.869728149 , -1.793191706 , 0.04843389086, 0.05478912595 , 0.05886248422
39.8 , -1.858814038 , -1.749957032 , 0.05338190415, 0.05435256153 , 0.05249796296
40 , -1.847986892 , -1.988190592 , 0.05788754083, 0.05391947569 , 0.05181228058
40.2 , -1.837246018 , -1.839912562 , 0.05846493793, 0.05348984072 , 0.05799223661
40.4 , -1.826590728 , -1.737787121 , 0.05911591523, 0.05306362911 , 0.0539657132
40.6 , -1.81602034 , -1.892864779 , 0.05537203719, 0.0526408136 , 0.04972441813
40.8 , -1.805534178 , -1.770900724 , 0.0546560461, 0.05222136711 , 0.05104808986
41 , -1.79513157 , -1.676741837 , 0.05527682589, 0.05180526281 , 0.054832801
41.2 , -1.784811852 , -1.938584268 , 0.05730327331, 0.05139247407 , 0.05206539861
41.4 , -1.774574361 , -1.692512332 , 0.05896805455, 0.05098297446 , 0.0520060298
41.6 , -1.764418444 , -1.653420719 , 0.06084594362, 0.05057673777 , 0.05057343019
41.8 , -1.75434345 , -1.798746876 , 0.06049444467, 0.05017373802 , 0.04704007511
42 , -1.744348735 , -1.758595819 , 0.05876438231, 0.0497739494 , 0.04876662329
42.2 , -1.734433658 , -1.729346637 , 0.05827903268, 0.04937734633 , 0.04647139455
42.4 , -1.724597586 , -1.758619247 , 0.05640859402, 0.04898390343 , 0.05299016652
42.6 , -1.714839888 , -1.652267023 , 0.05860703495, 0.04859359552 , 0.04867470924
42.8 , -1.70515994 , -1.713385624 , 0.05297704916, 0.04820639761 , 0.04486999777
43 , -1.695557123 , -1.754383432 , 0.05714595278, 0.04782228493 , 0.04928542547
43.2 , -1.686030822 , -1.674220065 , 0.05546078485, 0.04744123289 , 0.0449365188
43.4 , -1.676580428 , -1.537778734 , 0.05364022155, 0.04706321711 , 0.04584569488
43.6 , -1.667205335 , -1.670710429 , 0.05092750406, 0.04668821339 , 0.04524869941
43.8 , -1.657904943 , -1.670771069 , 0.05061132316, 0.04631619772 , 0.04358277998
44 , -1.648678658 , -1.5405227 , 0.04964355847, 0.04594714632 , 0.04590150209
44.2 , -1.639525889 , -1.693471015 , 0.04737674494, 0.04558103554 , 0.04585456967
44.4 , -1.630446049 , -1.578606921 , 0.04296211555, 0.04521784197 , 0.04575895915
44.6 , -1.621438559 , -1.669806504 , 0.03809041176, 0.04485754235 , 0.04418209316
44.8 , -1.612502841 , -1.639970551 , 0.04096066763, 0.04450011364 , 0.04426760216
45 , -1.603638324 , -1.539265239 , 0.03925769198, 0.04414553294 , 0.0451258306
45.2 , -1.594844439 , -1.701563607 , 0.04140726711, 0.04379377757 , 0.04418748203
45.4 , -1.586120626 , -1.580433222 , 0.04341878608, 0.04344482503 , 0.0468292549
45.6 , -1.577466324 , -1.554665049 , 0.04284464293, 0.04309865296 , 0.04078145282
45.8 , -1.568880981 , -1.534316408 , 0.04225547265, 0.04275523922 , 0.04202511466
46 , -1.560364046 , -1.489155136 , 0.04312789556, 0.04241456184 , 0.04195691914
46.2 , -1.551914975 , -1.471846965 , 0.04159002025, 0.04207659899 , 0.04161670355
46.4 , -1.543533227 , -1.397911357 , 0.04221786946, 0.04174132907 , 0.04368588067
46.6 , -1.535218265 , -1.456434842 , 0.04148656555, 0.04140873061 , 0.03844455843
46.8 , -1.526969558 , -1.493351994 , 0.03978241845, 0.04107878231 , 0.04191490749
47 , -1.518786577 , -1.573133949 , 0.03802812048, 0.04075146308 , 0.0378915546
47.2 , -1.510668799 , -1.395683098 , 0.03848966408, 0.04042675195 , 0.04114265356
47.4 , -1.502615704 , -1.589109037 , 0.03635739458, 0.04010462815 , 0.0386815216
47.6 , -1.494626776 , -1.517061014 , 0.03428620797, 0.03978507105 , 0.04043467574
47.8 , -1.486701505 , -1.590333019 , 0.03322746739, 0.03946806022 , 0.03878195322
48 , -1.478839384 , -1.503469517 , 0.03367896203, 0.03915357535 , 0.04010395538
48.2 , -1.471039908 , -1.367022184 , 0.03514095617, 0.03884159633 , 0.04357562741
48.4 , -1.46330258 , -1.436591963 , 0.0301485786, 0.03853210318 , 0.03564767319
48.6 , -1.455626903 , -1.412109934 , 0.02856673049, 0.0382250761 , 0.04263098863
48.8 , -1.448012386 , -1.501616376 , 0.02574473068, 0.03792049544 , 0.03934937817
49 , -1.440458543 , -1.393373258 , 0.02690502185, 0.03761834171 , 0.03545217054
49.2 , -1.432964889 , -1.321860782 , 0.0253465405, 0.03731859556 , 0.03893619365
49.4 , -1.425530945 , -1.484103808 , 0.0276756061, 0.03702123781 , 0.03765355127
49.6 , -1.418156236 , -1.56577212 , 0.02356804971, 0.03672624943 , 0.03696054516
49.8 , -1.410840289 , -1.455135808 , 0.02163662992, 0.03643361155 , 0.03760553233
50 , -1.403582636 , -1.392944493 , 0.02353497126, 0.03614330543 , 0.03421566973
50.2 , -1.396382812 , -1.363392173 , 0.0211917341, 0.03585531249 , 0.0383460602
50.4 , -1.389240358 , -1.406975892 , 0.0229315553, 0.03556961431 , 0.03605281286
50.6 , -1.382154815 , -1.464565814 , 0.02322511732, 0.03528619259 , 0.03416563699
50.8 , -1.37512573 , -1.234360798 , 0.02453655018, 0.03500502921 , 0.03458478348
51 , -1.368152654 , -1.365810629 , 0.02601479217, 0.03472610615 , 0.03612167059
51.2 , -1.36123514 , -1.422527444 , 0.03086067907, 0.03444940558 , 0.03145036911
51.4 , -1.354372745 , -1.321447996 , 0.03260971625, 0.03417490978 , 0.03362333557
51.6 , -1.34756503 , -1.424426688 , 0.03567697434, 0.03390260119 , 0.03413315699
51.8 , -1.340811559 , -1.243502165 , 0.03710994388, 0.03363246238 , 0.03580380114
52 , -1.334111901 , -1.286550812 , 0.03618078306, 0.03336447605 , 0.03262838852
52.2 , -1.327465627 , -1.396152382 , 0.03693461141, 0.03309862507 , 0.03240047673
52.4 , -1.32087231 , -1.413726487 , 0.03866308277, 0.0328348924 , 0.03428654293
52.6 , -1.31433153 , -1.305950606 , 0.0418887656, 0.03257326119 , 0.03347433702
52.8 , -1.307842867 , -1.261892355 , 0.04508125946, 0.03231371467 , 0.02810915862
53 , -1.301405906 , -1.370489067 , 0.04119562159, 0.03205623624 , 0.03138220539
53.2 , -1.295020235 , -1.298009836 , 0.04128318423, 0.03180080942 , 0.02967636606
53.4 , -1.288685446 , -1.394058957 , 0.04248505701, 0.03154741786 , 0.03186907284
53.6 , -1.282401134 , -1.273836317 , 0.04082638933, 0.03129604535 , 0.02993909491
53.8 , -1.276166895 , -1.285240065 , 0.04012365516, 0.03104667579 , 0.03158070227
54 , -1.269982331 , -1.305660902 , 0.04127198234, 0.03079929323 , 0.03240471664
54.2 , -1.263847046 , -1.293947593 , 0.03863769578, 0.03055388184 , 0.03282164038
54.4 , -1.257760648 , -1.23653983 , 0.0367007692, 0.03031042591 , 0.03012180377
54.6 , -1.251722746 , -1.248077729 , 0.0378764329, 0.03006890986 , 0.0288849236
54.8 , -1.245732956 , -1.235906984 , 0.03704174967, 0.02982931822 , 0.02971563447
55 , -1.239790892 , -1.308751922 , 0.03586376488, 0.02959163567 , 0.02850172499
55.2 , -1.233896175 , -1.306427355 , 0.03692943951, 0.029355847 , 0.02989800387
55.4 , -1.228048428 , -1.234465393 , 0.03471928699, 0.02912193711 , 0.02839518147
55.6 , -1.222247276 , -1.186721034 , 0.03354083771, 0.02888989104 , 0.02949799804
55.8 , -1.216492348 , -1.147110224 , 0.03022666984, 0.02865969392 , 0.02867457793
56 , -1.210783276 , -1.153353752 , 0.02961752123, 0.02843133104 , 0.02878142349
56.2 , -1.205119694 , -1.15969807 , 0.02675573653, 0.02820478777 , 0.03044550339
56.4 , -1.199501241 , -1.151570319 , 0.02673565185, 0.02798004962 , 0.02716377573
56.6 , -1.193927555 , -1.128113691 , 0.02500343799, 0.02775710221 , 0.02609020389
56.8 , -1.188398281 , -1.074625317 , 0.02427085804, 0.02753593125 , 0.02741052259
57 , -1.182913065 , -1.15698004 , 0.02544517791, 0.02731652261 , 0.0272694577
57.2 , -1.177471556 , -1.116138397 , 0.02361077535, 0.02709886223 , 0.02527832765
57.4 , -1.172073405 , -1.260584807 , 0.02306037272, 0.02688293619 , 0.02643707434
57.6 , -1.166718267 , -1.082503077 , 0.02257218047, 0.02666873066 , 0.02753274438
57.8 , -1.161405799 , -1.224068251 , 0.02266706428, 0.02645623194 , 0.0261388024
58 , -1.156135661 , -1.195006858 , 0.02432545064, 0.02624542643 , 0.02653430217
58.2 , -1.150907516 , -1.154100897 , 0.02286495851, 0.02603630064 , 0.02568121772
58.4 , -1.14572103 , -1.128377534 , 0.02205130438, 0.02582884118 , 0.02441381026
58.6 , -1.140575869 , -1.16323915 , 0.01999011637, 0.02562303477 , 0.02557448964
58.8 , -1.135471706 , -1.168657981 , 0.0175812903, 0.02541886825 , 0.02443917465
59 , -1.130408214 , -1.234630809 , 0.01680738967, 0.02521632854 , 0.02631858168
59.2 , -1.125385067 , -1.086053513 , 0.01624719553, 0.02501540269 , 0.02636512231
59.4 , -1.120401946 , -1.142885424 , 0.01896438329, 0.02481607783 , 0.02338264297
59.6 , -1.11545853 , -1.094023781 , 0.02094187973, 0.02461834121 , 0.02441430821
59.8 , -1.110554504 , -1.085054434 , 0.02105105476, 0.02442218017 , 0.02454514037
60 , -1.105689554 , -1.130033164 , 0.02150673225, 0.02422758216 , 0.02488027848
60.2 , -1.100863368 , -1.173622704 , 0.02533417604, 0.02403453472 , 0.0231360678
60.4 , -1.096075638 , -1.096344606 , 0.02576593677, 0.0238430255 , 0.02461166959
60.6 , -1.091326056 , -1.146158707 , 0.02670385196, 0.02365304224 , 0.02427804036
60.8 , -1.08661432 , -1.062421205 , 0.02551297445, 0.02346457279 , 0.02431342817
61 , -1.081940127 , -1.044135837 , 0.02459534428, 0.02327760507 , 0.02355131597
61.2 , -1.077303178 , -1.147415616 , 0.02611863596, 0.02309212714 , 0.02308887596
61.4 , -1.072703177 , -1.006909608 , 0.02621610713, 0.0229081271 , 0.02203211176
61.6 , -1.06813983 , -1.126771505 , 0.02594937054, 0.02272559319 , 0.02190731956
61.8 , -1.063612843 , -0.9942888942 , 0.02621368735, 0.02254451373 , 0.02443722315
62 , -1.059121928 , -1.083232388 , 0.02781496977, 0.02236487712 , 0.02088606393
62.2 , -1.054666797 , -0.9562119453 , 0.03135945519, 0.02218667188 , 0.02235907025
62.4 , -1.050247165 , -1.022972251 , 0.03367585195, 0.02200988659 , 0.02172394776
62.6 , -1.045862748 , -1.015251193 , 0.03299189147, 0.02183450994 , 0.02050819333
62.8 , -1.041513268 , -1.042428765 , 0.03238434491, 0.0216605307 , 0.02134822438
63 , -1.037198444 , -1.056220743 , 0.03231996682, 0.02148793775 , 0.02520912133
63.2 , -1.032918001 , -0.9754047474 , 0.03219997305, 0.02131672003 , 0.01975819725
63.4 , -1.028671665 , -0.9344590347 , 0.03140512356, 0.02114686659 , 0.01973969938
63.6 , -1.024459164 , -1.055020269 , 0.0283010943, 0.02097836656 , 0.02073322686
63.8 , -1.020280229 , -1.068143837 , 0.0287394116, 0.02081120915 , 0.0204845901
64 , -1.016134591 , -1.062475014 , 0.02764868089, 0.02064538366 , 0.02102986183
64.2 , -1.012021987 , -0.9878956011 , 0.02480121532, 0.02048087948 , 0.02152069348
64.4 , -1.007942152 , -0.9740928709 , 0.02255858171, 0.02031768609 , 0.02121948494
64.6 , -1.003894826 , -1.039970566 , 0.0181633019, 0.02015579304 , 0.0218816472
64.8 , -0.9998797491 , -1.039016394 , 0.01735910876, 0.01999518996 , 0.01908408935
65 , -0.9958966647 , -0.9955013635 , 0.01592685013, 0.01983586659 , 0.02134325409
65.2 , -0.9919453178 , -0.9952676108 , 0.01475845971, 0.01967781271 , 0.01971532642
65.4 , -0.9880254556 , -0.8595134604 , 0.01194089389, 0.01952101822 , 0.02179560601
65.6 , -0.9841368272 , -0.878494523 , 0.009986878442, 0.01936547309 , 0.01847961572
65.8 , -0.9802791838 , -1.072863486 , 0.009459066628, 0.01921116735 , 0.01942679251
66 , -0.9764522783 , -0.9300522007 , 0.007690224294, 0.01905809113 , 0.01948049753
66.2 , -0.972655866 , -0.9499568506 , 0.007629168865, 0.01890623464 , 0.01840094478
66.4 , -0.9688897038 , -0.9393974805 , 0.007319218216, 0.01875558815 , 0.01839140014
66.6 , -0.9651535507 , -0.945617553 , 0.007814131267, 0.01860614203 , 0.01740852397
66.8 , -0.9614471676 , -0.9662030805 , 0.007990559172, 0.0184578867 , 0.01814751386
67 , -0.9577703173 , -0.8811692378 , 0.009359895648, 0.01831081269 , 0.01943142857
67.2 , -0.9541227644 , -1.031583123 , 0.009810306811, 0.01816491058 , 0.01768245825
67.4 , -0.9505042755 , -0.9673109528 , 0.01082308432, 0.01802017102 , 0.01652558992
67.6 , -0.9469146191 , -0.9620276154 , 0.01360906735, 0.01787658476 , 0.01719347822
67.8 , -0.9433535654 , -0.9988409503 , 0.01615045927, 0.01773414261 , 0.01676067489
68 , -0.9398208864 , -0.8314760832 , 0.01782333463, 0.01759283546 , 0.01902718628
68.2 , -0.9363163561 , -0.9144742872 , 0.01798875193, 0.01745265424 , 0.01780165775
68.4 , -0.9328397502 , -0.9516293102 , 0.017880963, 0.01731359001 , 0.01812572035
68.6 , -0.9293908462 , -1.0897605 , 0.0168738552, 0.01717563385 , 0.01871518309
68.8 , -0.9259694234 , -0.8364111968 , 0.01716133178, 0.01703877694 , 0.01616390522
69 , -0.9225752628 , -0.9517285707 , 0.01679611016, 0.01690301051 , 0.01719174433
69.2 , -0.9192081471 , -0.9469428871 , 0.01681650796, 0.01676832588 , 0.01630915144
69.4 , -0.9158678609 , -0.9657960673 , 0.01493816654, 0.01663471443 , 0.0168752462
69.6 , -0.9125541903 , -0.8647715338 , 0.01353933072, 0.01650216761 , 0.01663560019
69.8 , -0.9092669234 , -0.8611972987 , 0.01394463671, 0.01637067694 , 0.01628387137
70 , -0.9060058497 , -0.9014869089 , 0.01312783863, 0.01624023399 , 0.01734777574
70.2 , -0.9027707605 , -0.9780536732 , 0.01383860607, 0.01611083042 , 0.01693968061
70.4 , -0.8995614488 , -0.9272141598 , 0.01291363901, 0.01598245795 , 0.01590197778
70.6 , -0.8963777091 , -0.8841874853 , 0.01432609016, 0.01585510837 , 0.01572660429
70.8 , -0.8932193378 , -0.8792114856 , 0.01421663666, 0.01572877351 , 0.01519729808
71 , -0.8900861326 , -0.8592642069 , 0.01356203043, 0.01560344531 , 0.01580990272
71.2 , -0.8869778931 , -0.8450521024 , 0.01317390038, 0.01547911572 , 0.01545375573
71.4 , -0.8838944203 , -0.9144364533 , 0.01364784345, 0.01535577681 , 0.01576714184
71.6 , -0.8808355169 , -0.9667560165 , 0.01515451774, 0.01523342067 , 0.01458541421
71.8 , -0.877800987 , -0.9246977132 , 0.01538304282, 0.01511203948 , 0.01383102635
72 , -0.8747906366 , -0.939628148 , 0.0139363129, 0.01499162546 , 0.01477457722
72.2 , -0.8718042729 , -0.8287344527 , 0.01344683426, 0.01487217092 , 0.01295036762
72.4 , -0.8688417048 , -0.8235394648 , 0.01328141164, 0.01475366819 , 0.01459104528
72.6 , -0.8659027427 , -0.9453323244 , 0.01458994218, 0.01463610971 , 0.01626870436
72.8 , -0.8629871984 , -0.8506473885 , 0.01526304513, 0.01451948794 , 0.01518788926
73 , -0.8600948855 , -0.8196509539 , 0.01676645068, 0.01440379542 , 0.01420203231
73.2 , -0.8572256188 , -0.8370241856 , 0.01694581336, 0.01428902475 , 0.01382752458
73.4 , -0.8543792147 , -0.8397764328 , 0.01784137476, 0.01417516859 , 0.01459214597
73.6 , -0.8515554909 , -0.840564318 , 0.01662928331, 0.01406221964 , 0.01357522275
73.8 , -0.8487542668 , -0.8291501926 , 0.01612450801, 0.01395017067 , 0.01423100171
74 , -0.8459753631 , -0.7972471694 , 0.01636866772, 0.01383901452 , 0.01414116824
74.2 , -0.843218602 , -0.8372081392 , 0.01453709911, 0.01372874408 , 0.01235076959
74.4 , -0.8404838069 , -0.9499786045 , 0.01508802097, 0.01361935228 , 0.01397143678
74.6 , -0.8377708029 , -0.8535946973 , 0.01289601286, 0.01351083212 , 0.01457435457
74.8 , -0.8350794164 , -0.8592195009 , 0.0127738863, 0.01340317666 , 0.01413472429
75 , -0.8324094751 , -0.8813944732 , 0.01144185995, 0.013296379 , 0.01405982231
75.2 , -0.8297608081 , -0.8295718238 , 0.01122297348, 0.01319043232 , 0.01320297873
75.4 , -0.8271332459 , -0.8451033299 , 0.01104303578, 0.01308532984 , 0.01343276497
75.6 , -0.8245266203 , -0.8588313956 , 0.01134581768, 0.01298106481 , 0.01390347473
75.8 , -0.8219407646 , -0.8418099164 , 0.01067750403, 0.01287763058 , 0.01340580871
76 , -0.8193755131 , -0.8610562343 , 0.009687342119, 0.01277502053 , 0.01197147145
76.2 , -0.8168307019 , -0.835264936 , 0.01008782032, 0.01267322807 , 0.01188534832
76.4 , -0.8143061678 , -0.8314172242 , 0.01177515145, 0.01257224671 , 0.01229953356
76.6 , -0.8118017495 , -0.8149342972 , 0.01288826709, 0.01247206998 , 0.01194528185
76.8 , -0.8093172866 , -0.7903915425 , 0.01429450513, 0.01237269147 , 0.01150547389
77 , -0.8068526201 , -0.779288639 , 0.01469209942, 0.01227410481 , 0.01290738364
77.2 , -0.8044075923 , -0.8101237069 , 0.01490173262, 0.01217630369 , 0.01192076711
77.4 , -0.8019820467 , -0.8165445249 , 0.01612686343, 0.01207928187 , 0.01151657795
77.6 , -0.7995758281 , -0.7700393368 , 0.0160696395, 0.01198303312 , 0.01146732881
77.8 , -0.7971887823 , -0.8416808672 , 0.01596362322, 0.01188755129 , 0.01211875261
78 , -0.7948207568 , -0.7311966623 , 0.01480277827, 0.01179283027 , 0.01291728364
78.2 , -0.7924715999 , -0.7391882723 , 0.01425976194, 0.011698864 , 0.01234171971
78.4 , -0.7901411613 , -0.7697067822 , 0.01546303111, 0.01160564645 , 0.0122541466
78.6 , -0.7878292918 , -0.7895777557 , 0.01651196765, 0.01151317167 , 0.01121582533
78.8 , -0.7855358435 , -0.8144244469 , 0.01529494885, 0.01142143374 , 0.01046358358
79 , -0.7832606696 , -0.8291114307 , 0.01526174506, 0.01133042678 , 0.01139584502
79.2 , -0.7810036245 , -0.7384554608 , 0.01550494956, 0.01124014498 , 0.01055335084
79.4 , -0.7787645636 , -0.7785791869 , 0.01475769153, 0.01115058255 , 0.01072421866
79.6 , -0.7765433439 , -0.8307349768 , 0.01433720793, 0.01106173375 , 0.01089771453
79.8 , -0.7743398229 , -0.7455533578 , 0.01424103322, 0.01097359292 , 0.01054886857
80 , -0.7721538599 , -0.792703093 , 0.01561732285, 0.01088615439 , 0.01160205705
80.2 , -0.7699853147 , -0.8533021907 , 0.01404763282, 0.01079941259 , 0.01081731903
80.4 , -0.7678340488 , -0.765436449 , 0.01362702425, 0.01071336195 , 0.01032088558
80.6 , -0.7656999242 , -0.7992632986 , 0.01259013544, 0.01062799697 , 0.01078437774
80.8 , -0.7635828046 , -0.7488509733 , 0.01049260264, 0.01054331218 , 0.01078890609
81 , -0.7614825544 , -0.7437644495 , 0.01188868023, 0.01045930218 , 0.01063139898
81.2 , -0.7593990391 , -0.7368107446 , 0.01315810009, 0.01037596156 , 0.01001759374
81.4 , -0.7573321255 , -0.7960885801 , 0.01430932453, 0.01029328502 , 0.01079989715
81.6 , -0.7552816812 , -0.7375661526 , 0.01237337202, 0.01021126725 , 0.01098222357
81.8 , -0.753247575 , -0.7446607892 , 0.01379195442, 0.010129903 , 0.009810215233
82 , -0.7512296768 , -0.660162004 , 0.01304134532, 0.01004918707 , 0.009211084266
82.2 , -0.7492278573 , -0.7393899558 , 0.01211707034, 0.009969114293 , 0.009258956377
82.4 , -0.7472419885 , -0.7378133294 , 0.009898326861, 0.009889679541 , 0.00980901028
82.6 , -0.7452719433 , -0.7159570602 , 0.00981010519, 0.009810877732 , 0.009717557075
82.8 , -0.7433175956 , -0.7539421154 , 0.009572531896, 0.009732703823 , 0.008779497523
83 , -0.7413788202 , -0.7547598287 , 0.0114624427, 0.00965515281 , 0.009951992527
83.2 , -0.7394554933 , -0.6998901816 , 0.009958025784, 0.00957821973 , 0.009918731185
83.4 , -0.7375474915 , -0.7281805649 , 0.008531950804, 0.00950189966 , 0.009628124724
83.6 , -0.7356546928 , -0.6925056695 , 0.007738834846, 0.009426187714 , 0.009580825005
83.8 , -0.7337769762 , -0.7175366707 , 0.006233650675, 0.009351079047 , 0.008900420603
84 , -0.7319142213 , -0.7458880936 , 0.006369410853, 0.009276568853 , 0.009485565549
84.2 , -0.7300663091 , -0.7595129953 , 0.008463773197, 0.009202652363 , 0.009431122674
84.4 , -0.7282331211 , -0.6657958782 , 0.009443682976, 0.009129324845 , 0.008788412882
84.6 , -0.7264145402 , -0.71244729 , 0.009791517927, 0.009056581607 , 0.008817480745
84.8 , -0.7246104498 , -0.7011735809 , 0.009554058268, 0.008984417993 , 0.009150645138
85 , -0.7228207346 , -0.7891241076 , 0.008680090225, 0.008912829386 , 0.009085190476
85.2 , -0.7210452801 , -0.7513017365 , 0.008914552378, 0.008841811202 , 0.009312473654
85.4 , -0.7192839724 , -0.7030944673 , 0.00939536346, 0.008771358897 , 0.008616885953
85.6 , -0.7175366991 , -0.7829954271 , 0.006907473906, 0.008701467963 , 0.008764628212
85.8 , -0.7158033481 , -0.708263206 , 0.00627065713, 0.008632133925 , 0.009331940724
86 , -0.7140838087 , -0.6898585688 , 0.006061329608, 0.008563352347 , 0.008316436651
86.2 , -0.7123779706 , -0.6612270182 , 0.005159506141, 0.008495118826 , 0.00924908762
86.4 , -0.7106857249 , -0.6902219481 , 0.004414272504, 0.008427428996 , 0.008405229936
86.6 , -0.7090069631 , -0.7088382435 , 0.003870500564, 0.008360278524 , 0.00849861682
86.8 , -0.7073415778 , -0.7037565293 , 0.003056222843, 0.008293663113 , 0.008200117252
87 , -0.7056894625 , -0.7104205017 , 0.003754808898, 0.008227578499 , 0.007355550999
87.2 , -0.7040505113 , -0.6849278328 , 0.004508440024, 0.008162020452 , 0.007784613437
87.4 , -0.7024246195 , -0.7146652507 , 0.01050043868, 0.008096984778 , 0.008307762052
87.6 , -0.7008116829 , -0.7047773488 , 0.01195501521, 0.008032467314 , 0.008354700398
87.8 , -0.6992115983 , -0.6652587494 , 0.01001330943, 0.00796846393 , 0.007916471034
88 , -0.6976242633 , -0.7228500352 , 0.005892185076, 0.007904970531 , 0.007831526644
88.2 , -0.6960495763 , -0.6924656857 , 0.002170518355, 0.007841983053 , 0.008136706189
88.4 , -0.6944874366 , -0.6706005741 , -0.001167325452, 0.007779497464 , 0.007599928491
88.6 , -0.6929377441 , -0.7026662953 , -0.003773751499, 0.007717509766 , 0.007251942578
88.8 , -0.6914003998 , -0.69614419 , -0.00492176875, 0.007656015991 , 0.00775332033
89 , -0.6898753051 , -0.6975303194 , -0.005247601281, 0.007595012203 , 0.007821043268
89.2 , -0.6883623625 , -0.7379348579 , -0.004186191397, 0.007534494499 , 0.007784979159
89.4 , -0.6868614751 , -0.7112991483 , -0.00221687047, 0.007474459005 , 0.008347947542
89.6 , -0.685372547 , -0.64383455 , 0.0006360590253, 0.007414901879 , 0.007250550101
89.8 , -0.6838954827 , -0.6376281581 , 0.004419924179, 0.00735581931 , 0.00746972011
90 , -0.6824301879 , -0.7034577993 , 0.008863062357, 0.007297207515 , 0.007024770439
90.2 , -0.6809765686 , -0.6880933717 , 0.01287705215, 0.007239062744 , 0.006837807169
90.4 , -0.6795345319 , -0.707502211 , 0.01627279545, 0.007181381276 , 0.006302020438
90.6 , -0.6781039855 , -0.6662004008 , 0.01985808959, 0.007124159418 , 0.007546207749
90.8 , -0.6766848377 , -0.7368312079 , 0.02124208696, 0.007067393509 , 0.007655366999
91 , -0.6752769979 , -0.6538699343 , 0.02340834882, 0.007011079916 , 0.006848866204
91.2 , -0.6738803758 , -0.6594327257 , 0.02508870286, 0.006955215034 , 0.00667649109
91.4 , -0.6724948822 , -0.7221294702 , 0.02580097169, 0.006899795288 , 0.006486528437
91.6 , -0.6711204283 , -0.6606251819 , 0.0254927316, 0.006844817132 , 0.00661412645
91.8 , -0.6697569261 , -0.6770925327 , 0.02382643626, 0.006790277046 , 0.006628831563
92 , -0.6684042885 , -0.6222353735 , 0.02066016516, 0.00673617154 , 0.006564538739
92.2 , -0.6670624288 , -0.6851701829 , 0.01823785843, 0.006682497152 , 0.0064147091
92.4 , -0.6657312611 , -0.6803980699 , 0.01496388862, 0.006629250445 , 0.006944584429
92.6 , -0.6644107003 , -0.6294473382 , 0.01019844124, 0.006576428013 , 0.006478962321
92.8 , -0.6631006619 , -0.633673079 , 0.006513537614, 0.006524026475 , 0.006485711409
93 , -0.6618010619 , -0.6771286852 , 0.002201464256, 0.006472042476 , 0.006156624373
93.2 , -0.6605118173 , -0.647936254 , -0.00358458337, 0.00642047269 , 0.006035700419
93.4 , -0.6592328454 , -0.6879687413 , -0.008290351957, 0.006369313817 , 0.006185474393
93.6 , -0.6579640646 , -0.7070587623 , -0.01355060957, 0.006318562582 , 0.006218988798
93.8 , -0.6567053934 , -0.6925936882 , -0.01784793117, 0.006268215738 , 0.006557002609
94 , -0.6554567515 , -0.6804472802 , -0.02146750191, 0.006218270061 , 0.005568950904
94.2 , -0.6542180589 , -0.6657957609 , -0.02415551251, 0.006168722355 , 0.005995584048
94.4 , -0.6529892363 , -0.635690611 , -0.02728571399, 0.00611956945 , 0.00583480591
94.6 , -0.651770205 , -0.6235530897 , -0.02899959785, 0.0060708082 , 0.00602255016
94.8 , -0.6505608871 , -0.6522883921 , -0.03007833069, 0.006022435483 , 0.005657188902
95 , -0.6493612051 , -0.6477153966 , -0.02843048029, 0.005974448204 , 0.006070942681
95.2 , -0.6481710823 , -0.6820291101 , -0.0265189163, 0.005926843292 , 0.006274588606
95.4 , -0.6469904425 , -0.6484984061 , -0.02346594491, 0.0058796177 , 0.005694454808
95.6 , -0.6458192101 , -0.7129856321 , -0.01879456179, 0.005832768405 , 0.006374292135
95.8 , -0.6446573103 , -0.5523439603 , -0.01362097835, 0.00578629241 , 0.005982893097
96 , -0.6435046685 , -0.6226391805 , -0.007737188508, 0.005740186739 , 0.0060075859
96.2 , -0.6423612111 , -0.6266608447 , -3.346194208e-05, 0.005694448443 , 0.005566867548
96.4 , -0.6412268648 , -0.6191661373 , 0.008220956143, 0.005649074592 , 0.005796310717
96.6 , -0.6401015571 , -0.7033900966 , 0.01806343825, 0.005604062285 , 0.00514567349
96.8 , -0.638985216 , -0.689465803 , 0.02853964179, 0.005559408639 , 0.005896876477
97 , -0.6378777699 , -0.6374072939 , 0.03914655259, 0.005515110798 , 0.005206687513
97.2 , -0.6367791481 , -0.6668746956 , 0.04960901214, 0.005471165925 , 0.005321917799
97.4 , -0.6356892802 , -0.6276033451 , 0.06200673207, 0.005427571209 , 0.004957310941
97.6 , -0.6346080965 , -0.6570008255 , 0.07431516664, 0.00538432386 , 0.005379792254
97.8 , -0.6335355277 , -0.6248612633 , 0.08723515476, 0.005341421109 , 0.004909250748
98 , -0.6324715053 , -0.6289431312 , 0.09849100251, 0.00529886021 , 0.005929211379
98.2 , -0.631415961 , -0.6376099854 , 0.1094737499, 0.005256638441 , 0.005405598649
98.4 , -0.6303688275 , -0.6921602398 , 0.1206114208, 0.005214753098 , 0.005248800676
98.6 , -0.6293300375 , -0.6380547898 , 0.1293184333, 0.005173201501 , 0.004981439998
98.8 , -0.6282995248 , -0.6235466967 , 0.1377255132, 0.005131980991 , 0.005357412218
99 , -0.6272772232 , -0.6460329701 , 0.1452628244, 0.00509108893 , 0.004853531624
99.2 , -0.6262630675 , -0.6331210834 , 0.1523244469, 0.005050522699 , 0.005308505016
99.4 , -0.6252569926 , -0.6097897538 , 0.1579734983, 0.005010279705 , 0.00503459187
99.6 , -0.6242589342 , -0.6463127313 , 0.1620435418, 0.004970357369 , 0.004537242751
99.8 , -0.6232688285 , -0.6326058208 , 0.1647608013, 0.004930753138 , 0.005055067994
100 , -0.6222866119 , -0.6485928711 , 0.1658476212, 0.004891464477 , 0.005125448319
