0 , 0.03123512361 , 0.01785005093
0.02 , 0.04084306219 , 0.01998398608
0.04 , 0.01295344319 , 0.0231459576
0.06 , 0.003496631069 , 0.02122173674
0.08 , 0.02281776222 , 0.01412620223
0.1 , 0.03025903696 , 0.02015800201
0.12 , 0.01636044975 , 0.03311127455
0.14 , 0.03214500152 , 0.0362139894
0.16 , 0.06738278339 , 0.04317365128
0.18 , 0.04292546186 , 0.04766678896
0.2 , 0.02771849829 , 0.04674598963
0.22 , 0.07340628457 , 0.04983638594
0.24 , 0.03559506023 , 0.04857157946
0.26 , 0.04121336812 , 0.05999182428
0.28 , 0.08659836825 , 0.06018786802
0.3 , 0.04760967894 , 0.04434791852
0.32 , 0.06573077422 , 0.04871879941
0.34 , 0.01420953051 , 0.04748188301
0.36 , 0.02850434502 , 0.05920506462
0.38 , 0.1098918246 , 0.06630798091
0.4 , 0.08663297979 , 0.08643845061
0.42 , 0.1267171687 , 0.1114706246
0.44 , 0.060526483 , 0.1142210684
0.46 , 0.173706153 , 0.1254292722
0.48 , 0.1258869027 , 0.150904763
0.5 , 0.1236480053 , 0.1484987857
0.52 , 0.2080046119 , 0.1468058444
0.54 , 0.139155416 , 0.1185631569
0.56 , 0.04767085106 , 0.1026019962
0.58 , 0.09892656814 , 0.09116854345
0.6 , 0.08886005517 , 0.1094087014
0.62 , 0.1270281839 , 0.1538076985
0.64 , 0.2100719026 , 0.1892382522
0.66 , 0.2755726861 , 0.1935354584
0.68 , 0.1743311339 , 0.180698876
0.7 , 0.1380307234 , 0.1817973753
0.72 , 0.1429249308 , 0.1845610762
0.74 , 0.1816519436 , 0.2279351174
0.76 , 0.3381437042 , 0.2422156809
0.78 , 0.2914111266 , 0.2686475276
0.8 , 0.3130765925 , 0.2712357615
0.82 , 0.08700346417 , 0.2671905009
0.84 , 0.3246498221 , 0.2154016696
0.86 , 0.2107874218 , 0.1907472582
0.88 , 0.2186724309 , 0.1768304314
0.9 , 0.067423978 , 0.1913696014
0.92 , 0.1970546318 , 0.1756327435
0.94 , 0.2265769824 , 0.2010021129
0.96 , 0.2494881366 , 0.2054066238
0.98 , 0.261379457 , 0.2996864764
1 , 0.2372411222 , 0.2610763436
1.02 , 0.2775929151 , 0.3044467314
1.04 , 0.514103217 , 0.3326761865
1.06 , 0.03238686835 , 0.3133515643
1.08 , 0.5743099226 , 0.2951483776
1.1 , 0.2312059161 , 0.3007247816
1.12 , 0.1681063869 , 0.3269850104
1.14 , 0.3966654456 , 0.3856482931
1.16 , 0.5239404099 , 0.444370582
1.18 , 0.4619240483 , 0.3718218198
1.2 , 0.3450352949 , 0.3670171456
1.22 , 0.5196100011 , 0.3268497557
1.24 , -0.3290403594 , 0.2465098394
1.26 , 0.8054147194 , 0.4479287504
1.28 , 0.4513785988 , 0.5389853465
1.3 , 0.5128155574 , 0.6343904886
1.32 , 1.376091834 , 0.8327393725
1.34 , 0.2530554091 , 0.7636034937
1.36 , 0.8436542519 , 0.8117235466
1.38 , 0.9508779938 , 0.7199393555
1.4 , 0.5803753361 , 0.5957353637
1.42 , 0.6199545339 , 0.668320147
1.44 , 0.4743769371 , 0.5954315
1.46 , 0.756106292 , 0.8039543369
1.48 , 0.8612278083 , 0.9728185698
1.5 , 1.156121842 , 1.036814346
1.52 , 1.559744211 , 0.9039604406
1.54 , 0.4895090524 , 0.851982446
1.56 , 0.5727144384 , 0.9809625921
1.58 , 0.4599426745 , 0.8825635549
1.6 , 1.669553925 , 0.764369288
1.62 , 1.419289732 , 0.9256209366
1.64 , 0.1128948421 , 1.051516191
1.66 , 0.8537366137 , 1.209961246
1.68 , 1.723928516 , 1.278453581
1.7 , 1.870414036 , 1.764300136
1.72 , 1.878465915 , 1.91924195
1.74 , 1.827133445 , 1.613019776
1.76 , 1.978357228 , 1.366257057
1.78 , 0.06460823537 , 1.170409354
1.8 , 1.048921085 , 1.254016786
1.82 , 1.896145187 , 1.406672404
1.84 , 1.617579539 , 1.707304025
1.86 , 2.466388679 , 2.113017864
1.88 , 1.856771937 , 2.212502894
1.9 , 2.140626667 , 1.932766267
1.92 , 1.870314598 , 1.982286691
1.94 , 1.998638766 , 1.516473816
1.96 , 0.750843259 , 1.521458424
1.98 , 2.31264663 , 1.692167495
2 , 0.5045231309 , 1.826654243
2.02 , 3.052304158 , 1.921695057
2.04 , 2.475226665 , 1.850549342
2.06 , 1.248401739 , 1.774246355
2.08 , 1.405512603 , 1.752476668
2.1 , 1.151396687 , 1.656185389
2.12 , 2.762851679 , 1.960238109
2.14 , 1.642224576 , 2.170741063
2.16 , 3.195510482 , 2.291528347
2.18 , 1.831981426 , 2.316025646
2.2 , 1.506395183 , 1.871456727
2.22 , 2.290649524 , 1.349746245
2.24 , 1.522509725 , 1.686623387
2.26 , 0.770747855 , 2.144234344
2.28 , 1.85511429 , 2.61121713
2.3 , 5.935537002 , 2.909623284
2.32 , 1.822473197 , 2.886652212
2.34 , 2.928643272 , 2.936267198
2.36 , 1.918576314 , 2.20075974
2.38 , 1.00053559 , 1.400105907
2.4 , 2.827342381 , 1.836730476
2.42 , 0.7811630225 , 1.899894394
2.44 , 2.543588997 , 2.527146659
2.46 , 3.478465909 , 2.923071369
2.48 , 3.056772579 , 3.06324898
2.5 , 3.813225808 , 3.29298289
2.52 , 2.519232159 , 3.253797969
2.54 , 3.11626134 , 3.106796705
2.56 , 2.815723651 , 3.097423345
2.58 , 3.867897491 , 2.86155063
2.6 , 2.364797336 , 2.640788584
2.62 , 2.699761777 , 2.456773537
2.64 , 2.154011038 , 3.03396573
2.66 , 2.814688293 , 3.726537303
2.68 , 5.147788232 , 4.404658502
2.7 , 6.783592082 , 5.379875122
2.72 , 5.095350761 , 5.702551064
2.74 , 4.409556169 , 5.491135093
2.76 , 6.530730921 , 4.735039892
2.78 , 2.726057593 , 3.75859248
2.8 , 3.598326772 , 3.339104055
2.82 , 2.558738639 , 2.638230995
2.84 , 1.837359688 , 2.228615679
2.86 , 3.139888602 , 3.047755717
2.88 , 2.447268277 , 3.365222278
2.9 , 4.615452354 , 3.629444641
2.92 , 4.892088934 , 3.531614493
2.94 , 2.571610774 , 3.714283
2.96 , 2.119972362 , 2.791877232
2.98 , 2.602518051 , 2.207620197
3 , 3.850630138 , 2.200321794
3.02 , -1.137584022 , 1.878876921
3.04 , 4.658154851 , 2.643936383
3.06 , 2.795561498 , 2.743466993
3.08 , 1.655846998 , 4.13466427
3.1 , 7.986624309 , 5.524855637
3.12 , 3.433037966 , 5.120583328
3.14 , 8.88497136 , 5.086560473
3.16 , 3.237250941 , 5.5562792
3.18 , 2.844509386 , 4.44289599
3.2 , 4.891962735 , 4.892659295
3.22 , 7.847152426 , 4.94948594
3.24 , 2.498304058 , 5.651208051
3.26 , 7.065101153 , 5.20563522
3.28 , 5.269766906 , 4.071989859
3.3 , 1.795895723 , 2.854004312
3.32 , 1.929687173 , 2.734373976
3.34 , 2.174397323 , 2.552670568
3.36 , 2.811550403 , 3.281322127
3.38 , 5.016265429 , 3.953022508
3.4 , 6.116814341 , 4.702525289
3.42 , 3.39850801 , 4.752163299
3.44 , 3.431521776 , 3.973274832
3.46 , 5.696646681 , 3.773983027
3.48 , 2.007498591 , 3.657829872
3.5 , 2.760967396 , 3.808235788
3.52 , 6.783740825 , 3.969113181
3.54 , 3.500233999 , 4.585449012
3.56 , 4.605685952 , 6.903679622
3.58 , 7.512005918 , 7.089329594
3.6 , 9.15494359 , 6.803350526
3.62 , 9.50450951 , 6.649083294
3.64 , 1.086396787 , 5.707819772
3.66 , 5.144467442 , 4.891787105
3.68 , 4.191334432 , 4.882651196
3.7 , 5.767430139 , 5.14263549
3.72 , 6.968254342 , 5.422714863
3.74 , 5.814120793 , 4.24450163
3.76 , 2.141770357 , 3.970325503
3.78 , 1.330093108 , 3.743865685
3.8 , 4.700201197 , 4.588603092
3.82 , 7.035508242 , 5.263101132
3.84 , 6.728556701 , 6.034575024
3.86 , 7.375420863 , 6.110049221
3.88 , 2.540477451 , 5.231198361
3.9 , 4.735310895 , 4.448301677
3.92 , 4.929196779 , 4.549746285
3.94 , 4.295136563 , 4.461568291
3.96 , 5.239907188 , 5.226784274
3.98 , 6.19774404 , 5.342032757
4 , 3.79214284 , 5.283130791
4.02 , 6.289732605 , 5.618757947
4.04 , 5.215035096 , 4.371710589
4.06 , 3.560745143 , 3.845439456
4.08 , 4.374710199 , 3.337437663
4.1 , -0.7363523728 , 2.799947856
4.12 , 5.460782088 , 2.892489489
4.14 , 2.647802292 , 3.640467559
4.16 , 4.834493823 , 4.503634166
4.18 , 4.363152804 , 4.83105095
4.2 , 5.610340859 , 3.749469879
4.22 , 3.698929135 , 3.375268737
4.24 , 0.2318177971 , 2.501845775
4.26 , 2.293173458 , 2.142619156
4.28 , 2.491351583 , 2.03863724
4.3 , 2.884810474 , 2.769382893
4.32 , 3.582739851 , 3.773206152
4.34 , 3.868862917 , 3.802026806
4.36 , 4.408350111 , 3.859327191
4.38 , 4.099122126 , 3.947940317
4.4 , 2.770558276 , 3.834659981
4.42 , 3.780811652 , 3.773863746
4.44 , 4.17324863 , 3.515956291
4.46 , 3.041674868 , 2.86505017
4.48 , 2.826916659 , 2.030274092
4.5 , 1.18141102 , 1.699274295
4.52 , 0.1001748715 , 1.927854348
4.54 , 2.060787483 , 2.489784268
4.56 , 5.528837437 , 3.295245662
4.58 , 4.317239168 , 3.976104765
4.6 , 3.66265082 , 4.533157986
4.62 , 4.373290004 , 4.728665028
4.64 , 3.550660312 , 3.99998424
4.66 , 5.228969485 , 3.897494097
4.68 , 4.394229353 , 3.82410967
4.7 , 1.103325005 , 3.202105982
4.72 , 3.715011924 , 3.000183511
4.74 , 3.020254589 , 2.088909984
4.76 , 1.323298796 , 1.97537213
4.78 , 2.924990421 , 2.609540482
4.8 , 0.5424657432 , 2.513822784
4.82 , 4.006441289 , 2.472989141
4.84 , 4.195544678 , 2.692803767
4.86 , 1.530522625 , 2.593134247
4.88 , 1.263821626 , 2.489981475
4.9 , 3.215783596 , 2.276627561
4.92 , 2.529632673 , 2.637313472
4.94 , 2.349712085 , 3.149051744
4.96 , 4.550313069 , 3.19036941
4.98 , 2.776794896 , 2.671696287
5 , 1.881568698 , 2.351777401
5.02 , 1.863056232 , 2.040571968
5.04 , 1.186898636 , 1.578876698
5.06 , 2.037553301 , 1.774547179
5.08 , 2.397839067 , 2.025573943
5.1 , 1.901675477 , 2.348635458
5.12 , 2.513253838 , 2.568619042
5.14 , 2.56716389 , 2.054701904
5.16 , 2.52854113 , 2.024895886
5.18 , 1.301858363 , 2.016778274
5.2 , 0.4859058683 , 1.774664013
5.22 , 3.409766067 , 1.65607258
5.24 , 1.492046111 , 1.558946627
5.26 , 1.093013455 , 1.5666816
5.28 , 1.35313491 , 1.310280933
5.3 , 0.9174220322 , 0.9117091523
5.32 , 0.9884426678 , 1.091870557
5.34 , 0.8707766326 , 0.9645819141
5.36 , 1.532677018 , 1.00896966
5.38 , 0.8236726066 , 1.081138196
5.4 , 0.5098118275 , 1.077631
5.42 , 1.701358328 , 0.8288330703
5.44 , 0.739772794 , 0.8611797145
5.46 , 0.6852654961 , 1.026901156
5.48 , 0.3405068406 , 0.9782505825
5.5 , 2.056386781 , 0.7838151454
5.52 , 0.7089909234 , 0.9003346943
5.54 , 0.3747509798 , 0.9683108597
5.56 , 0.8106908994 , 0.9985220474
5.58 , 1.15509572 , 0.5575057166
5.6 , 0.9648156852 , 0.6368890124
5.62 , 0.45833691 , 0.7175943809
5.64 , -0.3277220162 , 0.6743158584
5.66 , 1.42325012 , 0.7509415258
5.68 , 1.240338954 , 0.8396528296
5.7 , 0.8133699493 , 1.068210343
5.72 , 1.097056132 , 1.122249554
5.74 , 0.6662543844 , 0.8877730208
5.76 , 1.213564648 , 0.8500052545
5.78 , 0.5580461786 , 0.755445469
5.8 , 0.74804428 , 0.601151046
5.82 , 0.4972049871 , 0.5702902037
5.84 , 0.2676751417 , 0.41687347
5.86 , 0.5592422707 , 0.4968972992
5.88 , 0.6733052398 , 0.5495357673
5.9 , 0.4021900875 , 0.7039913678
5.92 , 0.949252148 , 0.7121433196
5.94 , 0.7687879334 , 0.6416407751
5.96 , 0.6749871219 , 0.5620941214
5.98 , 0.1559263359 , 0.5655091665
6 , 0.5575317934 , 0.5464395523
6.02 , 0.5763124235 , 0.5804864769
6.04 , 0.8685365487 , 0.5562195088
6.06 , 0.6945248385 , 0.6708169994
6.08 , 0.3312970997 , 0.6207123861
6.1 , 0.382322647 , 0.5564801049
6.12 , 0.924154525 , 0.3810645339
6.14 , 0.2697704176 , 0.3618033825
6.16 , 0.2077940897 , 0.4113261916
6.18 , 0.1132429856 , 0.4216270917
6.2 , 0.7526796922 , 0.4009830786
6.22 , 0.6372767437 , 0.5217943708
6.24 , 0.5066624602 , 0.5462397873
6.26 , 0.4061220801 , 0.5710583089
6.28 , 0.4870538789 , 0.4059164114
6.3 , 0.4470111817 , 0.4159839496
6.32 , 0.565939167 , 0.5060568687
6.34 , 0.1941526711 , 0.6035443676
6.36 , 0.8906612237 , 0.6086407311
6.38 , 0.7968298613 , 0.5542725324
6.4 , 0.5260203217 , 0.550115507
6.42 , 0.2312835994 , 0.5522722426
6.44 , 0.3485940762 , 0.44460327
6.46 , 0.7373835912 , 0.3675051501
6.48 , 0.4268755051 , 0.4229980995
6.5 , 0.3572692649 , 0.4953684562
6.52 , 0.2280077493 , 0.4920290098
6.54 , 0.8220870101 , 0.5120998279
6.56 , 0.6082181437 , 0.5548847019
6.58 , 0.5414399021 , 0.6498481552
6.6 , 0.6871762105 , 0.7169333262
6.62 , 0.5012189381 , 0.6598254115
6.64 , 0.9563610133 , 0.6089471577
6.66 , 0.5937507428 , 0.5790686417
6.68 , 0.34702516 , 0.4952367712
6.7 , 0.2992986461 , 0.4868593481
6.72 , 0.6770705355 , 0.5481537753
6.74 , 0.5046996785 , 0.599068971
6.76 , 0.8407356149 , 0.6308258716
6.78 , 0.8556476088 , 0.6232673666
6.8 , 0.1557245192 , 0.6084258131
6.82 , 0.6174530817 , 0.6051328927
6.84 , 0.7317800681 , 0.6163216146
6.86 , 0.8342804288 , 0.7234026564
6.88 , 0.6687701423 , 0.9316790911
6.9 , 1.000517245 , 0.8535811707
6.92 , 0.9373567834 , 0.8015231385
6.94 , 0.86579163 , 0.7380039625
6.96 , 0.2814376677 , 0.7553045637
6.98 , 0.7669269002 , 0.6262820249
7 , 0.7162147745 , 0.6270829313
7.02 , 0.8199006049 , 0.6695759646
7.04 , 0.2965350705 , 0.5504370384
7.06 , 0.7836377246 , 0.4956858454
7.08 , 0.4303645312 , 0.4679336006
7.1 , 0.03077173472 , 0.56187974
7.12 , 1.281422184 , 0.8137640031
7.14 , 0.7629260817 , 1.099031786
7.16 , 1.425540605 , 1.286480736
7.18 , 1.507853821 , 1.208425026
7.2 , 1.367526272 , 0.994317843
7.22 , 0.287274403 , 0.9504984717
7.24 , 0.3940924303 , 0.6778629136
7.26 , 1.162458233 , 0.674722511
7.28 , 0.9021312042 , 0.8701966437
7.3 , 0.6295038301 , 1.147639326
7.32 , 1.593046602 , 1.208336241
7.34 , 1.345602525 , 1.105493207
7.36 , 0.9817578711 , 1.144511325
7.38 , 0.8485311662 , 0.9318092266
7.4 , 0.7080669346 , 0.7728627092
7.42 , 0.896932178 , 0.6031569313
7.44 , 0.199694974 , 0.7202318571
7.46 , 1.209695336 , 0.7086023335
7.48 , 0.2807874419 , 0.8339210854
7.5 , 1.537985969 , 0.8767629002
7.52 , 0.5012369278 , 1.044895266
7.54 , 1.319230644 , 0.9784052642
7.56 , 0.7523188971 , 0.9331202366
7.58 , 1.12185666 , 0.7543133074
7.6 , 0.5348166744 , 0.9268776005
7.62 , 0.4411297427 , 0.6737180254
7.64 , 1.089139469 , 0.6087628504
7.66 , 0.9557194789 , 0.6133721045
7.68 , -0.2387177944 , 0.5889095203
7.7 , 0.885879238 , 0.7513807772
7.72 , 1.091539535 , 0.7548829597
7.74 , 0.5516481363 , 0.9300281686
7.76 , 1.763719186 , 1.156435138
7.78 , 0.6768534785 , 1.157079372
7.8 , 1.290880662 , 1.262429175
7.82 , 1.309592908 , 1.182404176
7.84 , 1.520289222 , 1.345020976
7.86 , 1.34037864 , 1.716060925
7.88 , 1.116728426 , 1.752420431
7.9 , 3.016547571 , 1.674231399
7.92 , 1.460092778 , 1.436794526
7.94 , 0.8614477583 , 1.363581691
7.96 , 0.7558498286 , 1.19492896
7.98 , 0.9815677996 , 0.943255584
8 , 1.774734034 , 1.174838373
8.02 , 1.131331926 , 1.365614344
8.04 , 1.374602476 , 1.43325818
8.06 , 1.463268147 , 1.433399628
8.08 , 1.542378252 , 1.506290124
8.1 , 1.466153992 , 1.721370281
8.12 , 1.804283248 , 1.74354673
8.14 , 2.072844514 , 1.662892987
8.16 , 1.561985349 , 1.516948588
8.18 , 1.183282123 , 1.466226729
8.2 , 1.14545564 , 1.484378378
8.22 , 1.437004882 , 1.291906721
8.24 , 1.946045128 , 1.537090838
8.26 , 1.710313057 , 1.803990764
8.28 , 0.8606391425 , 1.648605062
8.3 , 2.691956999 , 1.59813914
8.32 , 1.399676167 , 1.433480345
8.34 , 0.3599994602 , 1.205156419
8.36 , 1.869483148 , 1.096689913
8.38 , 0.7473728475 , 1.149554085
8.4 , 0.774667011 , 1.312328226
8.42 , 1.928334018 , 1.469459599
8.44 , 2.293917935 , 1.122810823
8.46 , 0.2741113826 , 1.408136023
8.48 , 1.376318989 , 1.468830621
8.5 , 0.845202527 , 1.410489478
8.52 , 2.944251089 , 1.577985174
8.54 , 1.601137763 , 2.107353942
8.56 , 1.894242273 , 2.283233899
8.58 , 2.315648056 , 2.347229214
8.6 , 2.71118378 , 1.94168158
8.62 , 2.080422928 , 1.993764568
8.64 , 1.355129287 , 1.936482247
8.66 , 1.387106322 , 2.036855433
8.68 , 2.645279348 , 2.062918436
8.7 , 2.671574935 , 2.537357279
8.72 , 2.800757361 , 2.530902896
8.74 , 1.962581796 , 2.45235306
8.76 , 2.878709367 , 1.907612531
8.78 , 0.5620032534 , 1.773216109
8.8 , 2.148378938 , 1.604152641
8.82 , 0.9562621468 , 1.603336874
8.84 , 2.560386622 , 1.39748791
8.86 , 1.323614048 , 2.015210634
8.88 , 1.785571888 , 2.06589459
8.9 , 1.806989696 , 2.102130028
8.92 , 3.690166892 , 1.920234245
8.94 , 1.18884415 , 1.971139107
8.96 , 1.231752897 , 2.21442823
8.98 , 2.271646076 , 2.233111855
9 , 2.38866443 , 1.821555743
9.02 , 3.347740393 , 2.089241409
9.04 , 0.9405050026 , 2.163070415
9.06 , 0.8328683681 , 1.814479345
9.08 , 2.815582035 , 1.643993664
9.1 , 2.259528199 , 1.748357297
9.12 , 1.052792548 , 2.304163996
9.14 , 2.47535763 , 2.472474504
9.16 , 2.973630573 , 2.121452669
9.18 , 2.469048545 , 2.176024097
9.2 , 1.799630255 , 2.245846152
9.22 , 1.136598458 , 1.99875961
9.24 , 2.478552878 , 1.855776276
9.26 , 2.077305419 , 1.657759368
9.28 , 1.731259804 , 1.682342392
9.3 , 1.312451802 , 1.597043507
9.32 , 0.919075456 , 1.652619458
9.34 , 2.317776724 , 1.959555234
9.36 , 1.887935628 , 1.921816766
9.38 , 2.871723113 , 1.461029041
9.4 , 1.280386112 , 1.360565091
9.42 , -0.1241610991 , 1.361123037
9.44 , 0.6542921577 , 2.017578671
9.46 , 3.954285589 , 2.335631349
9.48 , 3.679798322 , 2.626517612
9.5 , 3.724619225 , 3.272572108
9.52 , 1.215172583 , 3.106802643
9.54 , 2.041066541 , 2.537689075
9.56 , 4.66195644 , 2.739019718
9.58 , 1.855733463 , 2.68347837
9.6 , 2.776160494 , 2.931353165
9.62 , 3.645661799 , 2.687046032
9.64 , 1.63520166 , 3.07128287
9.66 , 3.558748862 , 3.659809005
9.68 , 3.914009026 , 4.02743325
9.7 , 5.760280904 , 3.607841215
9.72 , 2.175640851 , 3.015331759
9.74 , 2.923536254 , 2.11648731
9.76 , -0.6614609711 , 1.729498133
9.78 , 1.198520836 , 0.9332788842
9.8 , 2.850438829 , 1.584137848
9.82 , 2.700361696 , 2.529238275
9.84 , 0.7772729091 , 3.290347994
9.86 , 5.382715481 , 3.057366718
9.88 , 4.185496984 , 2.692024029
9.9 , 0.7416281739 , 2.476701977
9.92 , 1.796625996 , 2.686171876
9.94 , 2.545030987 , 2.372936163
9.96 , 3.321888959 , 3.259895039
9.98 , 4.977872818 , 4.404535401
10 , 4.023256289 , 4.077986235
10.02 , 4.921640071 , 4.303331164
10.04 , 3.217058469 , 3.367070797
10.06 , 0.8905821008 , 2.237974147
10.08 , 4.539018278 , 1.914737204
10.1 , -1.297092631 , 1.323186236
10.12 , 1.979669303 , 1.751328525
10.14 , 3.583973313 , 2.703580478
10.16 , 1.943276387 , 3.227194847
10.18 , 5.391550055 , 4.45705877
10.2 , 5.187441466 , 4.256646195
10.22 , 3.615164488 , 4.06624069
10.24 , 3.357166725 , 3.719528224
10.26 , 2.680984064 , 3.054779452
10.28 , 2.951904289 , 2.402021312
10.3 , 2.071422294 , 2.237592139
10.32 , 2.855292003 , 2.453774424
10.34 , 0.6841163379 , 2.427236356
10.36 , 3.307853546 , 1.866938855
10.38 , 3.216641722 , 1.650989526
10.4 , 0.3160113163 , 1.822152217
10.42 , 0.3888464326 , 2.166936129
10.44 , 3.365524786 , 2.29909349
10.46 , 4.263290412 , 2.853183883
10.48 , 2.951818256 , 3.809171144
10.5 , 4.103283742 , 4.321590157
10.52 , 3.76905434 , 4.202264692
10.54 , 4.686652451 , 3.995450072
10.56 , 4.223956174 , 3.409462855
10.58 , 2.565155462 , 2.576362812
10.6 , 1.480240057 , 2.32743567
10.62 , 0.8464258322 , 2.118753919
10.64 , 3.107397817 , 2.591559772
10.66 , 4.29154209 , 3.233576834
10.68 , 3.161395315 , 3.265143506
10.7 , 3.83932562 , 3.182724111
10.72 , 2.100946028 , 2.643901583
10.74 , 1.132010042 , 2.464261838
10.76 , 3.384738144 , 2.573867341
10.78 , 2.862422311 , 2.694154693
10.8 , 3.422191818 , 3.100493803
10.82 , 2.723193256 , 2.941724045
10.84 , 2.939232397 , 2.873940097
10.86 , 2.590332797 , 2.658656494
10.88 , 1.997441596 , 2.653995916
10.9 , 4.232514755 , 3.21953706
10.92 , 1.71810842 , 3.05184237
10.94 , 4.208872754 , 3.162887906
10.96 , 3.810902538 , 2.384545556
10.98 , 0.4347075165 , 2.362010005
11 , 2.827611437 , 2.28938247
11.02 , 0.5446857267 , 2.686734971
11.04 , 6.046865171 , 3.200999737
11.06 , 2.081847056 , 3.920093785
11.08 , 6.062461927 , 3.60333024
11.1 , 1.843277113 , 3.072793828
11.12 , 2.749646133 , 2.828731565
11.14 , 1.584489243 , 2.843544679
11.16 , 2.4173916 , 2.401067159
11.18 , 5.944767655 , 2.854140158
11.2 , 0.475916115 , 2.687650423
11.22 , 3.199920597 , 3.348235204
11.24 , 3.030926582 , 3.343937862
11.26 , 3.642129241 , 3.689941441
11.28 , 6.140927035 , 4.602601224
11.3 , 3.102554978 , 4.406940972
11.32 , 5.228566169 , 3.799825348
11.34 , 2.79087744 , 3.275665479
11.36 , 2.824948169 , 3.412223863
11.38 , 2.12719937 , 4.072456052
11.4 , 5.512446403 , 4.077312773
11.42 , 6.356940536 , 4.096184893
11.44 , 3.161777959 , 3.794817923
11.46 , 2.098227902 , 3.384521839
11.48 , 1.602311732 , 2.517121211
11.5 , 3.114941572 , 1.786627454
11.52 , 2.764889714 , 2.154159147
11.54 , 1.897460275 , 2.736459827
11.56 , 1.215848583 , 2.561284757
11.58 , 4.310588014 , 2.20031924
11.6 , 3.305798469 , 2.713666979
11.62 , 0.4302007113 , 2.912832955
11.64 , 3.24062761 , 3.045369873
11.66 , 4.745816058 , 2.361816807
11.68 , 1.568256426 , 2.819652318
11.7 , 2.778809568 , 2.9787113
11.72 , 1.47754194 , 2.536220978
11.74 , 4.557096246 , 2.190245458
11.76 , 1.520296645 , 2.7704417
11.78 , 2.893946217 , 2.896602856
11.8 , 2.704947826 , 3.596975911
11.82 , 5.057402823 , 4.238081824
11.84 , 4.379640557 , 4.916797246
11.86 , 6.114370766 , 4.814219632
11.88 , 5.073002034 , 4.487738971
11.9 , 2.375674311 , 3.948096754
11.92 , 3.384900253 , 3.895844677
11.94 , 3.499088141 , 3.257350242
11.96 , 4.13837679 , 2.89630736
11.98 , 3.469182786 , 2.971516123
12 , 0.8784399539 , 2.435218493
12.02 , 2.053480156 , 2.559525604
12.04 , 3.483297546 , 2.701312455
12.06 , 2.475496971 , 2.901728767
12.08 , 4.634422361 , 3.028922791
12.1 , 2.21998035 , 2.809891042
12.12 , 1.610483071 , 2.283556616
12.14 , 2.036614032 , 2.358864944
12.16 , 3.084621599 , 2.530020368
12.18 , 2.091381761 , 2.725446447
12.2 , 4.247751801 , 2.871341793
12.22 , 3.300295345 , 3.299669313
12.24 , 1.376280587 , 3.489102143
12.26 , 4.433148948 , 3.86698413
12.28 , 5.200937537 , 3.681764492
12.3 , 3.041771134 , 3.473650876
12.32 , 3.257615363 , 2.896015264
12.34 , 1.521378508 , 2.187366104
12.36 , 0.9064756937 , 1.284952161
12.38 , 1.3662837 , 1.47369208
12.4 , 2.862340082 , 1.520608363
12.42 , 0.04974173249 , 2.294422201
12.44 , 4.063410963 , 2.278475791
12.46 , 2.07594209 , 2.317682147
12.48 , 3.326716753 , 2.42706188
12.5 , 0.4036353144 , 2.773650975
12.52 , 3.586493271 , 2.370871775
12.54 , 3.116015152 , 2.731936809
12.56 , 2.479994942 , 2.786856095
12.58 , 2.355423257 , 2.353984569
12.6 , 2.722004239 , 1.889596159
12.62 , 1.38325947 , 1.855499447
12.64 , -0.03807163284 , 2.022703518
12.66 , 4.418131623 , 2.384919334
12.68 , 2.447005231 , 2.745455364
12.7 , 3.12545818 , 2.952101765
12.72 , 3.334675981 , 3.482566653
12.74 , 2.42883033 , 2.522848259
12.76 , 2.014366983 , 2.265392899
12.78 , 3.825167265 , 1.876659395
12.8 , -0.837915679 , 1.721595077
12.82 , 2.390106841 , 2.222809779
12.84 , 2.688676893 , 2.288889809
12.86 , 2.968370808 , 2.224436498
12.88 , 3.688125971 , 2.812131144
12.9 , 1.012657122 , 2.819284489
12.92 , 2.659153337 , 3.359755433
12.94 , 3.976810028 , 3.249954205
12.96 , 4.67957575 , 3.355515705
12.98 , 3.574784848 , 3.208910349
13 , 0.5571475964 , 2.451423139
13.02 , 2.675810517 , 1.379186561
13.04 , 0.3990763129 , 1.212910322
13.06 , 1.592318711 , 1.583127405
13.08 , 1.158005974 , 2.21176688
13.1 , 4.316523257 , 2.353265563
13.12 , 2.520971825 , 2.83190009
13.14 , 2.526239244 , 2.877715902
13.16 , 2.452006862 , 2.822964219
13.18 , 2.575344386 , 2.221496942
13.2 , 2.611179682 , 2.230729042
13.22 , 1.94996835 , 2.22951769
13.24 , 1.505516765 , 2.048461443
13.26 , 2.499406982 , 2.191759782
13.28 , 2.613816219 , 2.361640973
13.3 , 1.815093181 , 2.443961607
13.32 , 3.316475505 , 2.267572868
13.34 , 1.874039224 , 2.098861187
13.36 , 1.353244393 , 1.999365065
13.38 , 1.54327821 , 1.666107988
13.4 , 2.417760797 , 1.479936833
13.42 , 1.277489065 , 1.52759067
13.44 , 0.6935455859 , 1.637291444
13.46 , 2.416651963 , 1.408124851
13.48 , 1.112019599 , 1.346129851
13.5 , 1.909766839 , 1.840457712
13.52 , 0.9416388339 , 1.743436837
13.54 , 2.558660848 , 1.850030206
13.56 , 2.618337638 , 2.13685728
13.58 , 0.5716362782 , 1.854153251
13.6 , 3.184447011 , 1.788693655
13.62 , 1.048490707 , 1.429572765
13.64 , 0.4230702784 , 1.100089572
13.66 , 1.830821193 , 1.312063861
13.68 , 1.070201828 , 1.098222465
13.7 , 0.8590044196 , 1.577483999
13.72 , 2.728499148 , 1.926203162
13.74 , 1.463694606 , 1.685017576
13.76 , 2.186262688 , 1.729220706
13.78 , 1.638608695 , 1.706877341
13.8 , 0.3878059669 , 1.441417
13.82 , 1.994658877 , 1.438237603
13.84 , 1.717944809 , 1.191460231
13.86 , 0.9750410915 , 1.089923163
13.88 , 0.7246468546 , 1.02408405
13.9 , 0.5290484664 , 0.647151864
13.92 , 0.6817415538 , 0.566965018
13.94 , 0.7925044132 , 0.5706874757
13.96 , 0.5655101906 , 0.6814363765
13.98 , 0.7943600595 , 1.014800633
14 , 0.9346946619 , 1.069752865
14.02 , 1.745161834 , 1.466511621
14.04 , 1.966969165 , 1.63845639
14.06 , 0.8762035808 , 1.57352011
14.08 , 2.522870938 , 1.536652469
14.1 , 0.6017588336 , 1.287967222
14.12 , 1.030309328 , 1.117124773
14.14 , 1.572506284 , 1.247620016
14.16 , 0.8288220106 , 1.195457116
14.18 , 1.326068565 , 1.344921283
14.2 , 1.923058412 , 1.302950937
14.22 , 1.142797319 , 1.323350479
14.24 , 0.7570373789 , 1.41720805
14.26 , 1.640263364 , 1.28030176
14.28 , 1.475634904 , 1.137799522
14.3 , 1.01823638 , 0.9908578869
14.32 , 0.7399747212 , 1.062866204
14.34 , 0.7288320668 , 0.8589909091
14.36 , 0.5710386916 , 0.8075612667
14.38 , 1.800939876 , 0.8051719039
14.4 , 0.2179734368 , 0.8529857284
14.42 , 0.6943703022 , 0.8033022552
14.44 , 0.6714501826 , 0.5703603686
14.46 , 0.7975845193 , 0.3856061637
14.48 , 0.2311861103 , 0.5208668412
14.5 , 0.03342988433 , 0.4586699771
14.52 , 0.934974402 , 0.5183729992
14.54 , 0.639550584 , 0.6540218187
14.56 , 0.7115489058 , 0.8092350004
14.58 , 0.9438450505 , 0.8702859146
14.6 , 0.895547522 , 0.7399464872
14.62 , 0.6050200645 , 0.8558045907
14.64 , 0.7631052674 , 0.7095987973
14.66 , 0.6211124712 , 0.6692389665
14.68 , 1.003557836 , 0.5688663664
14.7 , -0.03872145447 , 0.4829183032
14.72 , 0.9100646573 , 0.5540706151
14.74 , 0.2378434447 , 0.6928787859
14.76 , 0.8332435622 , 0.8554931545
14.78 , 1.554269702 , 1.128215885
14.8 , 1.072451642 , 1.113310327
14.82 , 1.10683619 , 1.103467348
14.84 , 0.9292185156 , 0.9085398271
14.86 , 0.6189145126 , 0.7503639349
14.88 , 0.5437597165 , 0.7165728027
14.9 , 0.8347659159 , 0.6457749333
14.92 , 0.8153503394 , 0.7187863649
14.94 , 0.582607521 , 0.7101321105
14.96 , 0.6771981815 , 0.7323956943
14.98 , 0.932131216 , 0.7206585715
15 , 0.4010759395 , 0.7403281937
15.02 , 0.9557347101 , 0.6803099324
15.04 , 0.6502789861 , 0.57014858
15.06 , 0.4635470281 , 0.4326639733
15.08 , 0.1851354186 , 0.5229478904
15.1 , 0.4894896888 , 0.4585802894
15.12 , 0.5641488513 , 0.5851596218
15.14 , 1.086591322 , 0.7272350318
15.16 , 0.4342221486 , 0.7753183574
15.18 , 0.9036751426 , 0.6638829261
15.2 , 0.6124514762 , 0.5760178152
15.22 , 0.2759422392 , 0.467530379
15.24 , 0.3195510134 , 0.425370194
15.26 , 0.557694131 , 0.2549190201
15.28 , 0.3497087703 , 0.3786133833
15.3 , 0.1790107512 , 0.4751496492
15.32 , 0.4367879029 , 0.5596223648
15.34 , 1.124429921 , 0.5632864283
15.36 , 0.4379112624 , 0.7041105056
15.38 , 0.6516861216 , 0.6298249598
15.4 , 0.3724499907 , 0.4420596
15.42 , 0.6786561549 , 0.3068791676
15.44 , -0.2227983656 , 0.274099404
15.46 , 0.2988765627 , 0.3075223799
15.48 , 0.5162101223 , 0.2897329874
15.5 , 0.1928299489 , 0.2473231794
15.52 , 0.6480730356 , 0.3799517446
15.54 , -0.1414212296 , 0.2819430578
15.56 , 0.303132383 , 0.2270964059
15.58 , 0.4823932405 , 0.2398267392
15.6 , 0.03878226568 , 0.1967631084
15.62 , 0.272361129 , 0.2941108624
15.64 , 0.2998880335 , 0.312191402
15.66 , 0.2787284557 , 0.3025860162
15.68 , 0.4487226308 , 0.3307812943
15.7 , 0.4570217008 , 0.3299677658
15.72 , 0.05403513213 , 0.3650978219
15.74 , 0.3137000432 , 0.3061031879
15.76 , 0.5232427136 , 0.2755300817
15.78 , 0.3237906601 , 0.2814746587
15.8 , 0.02446273672 , 0.382122622
15.82 , 0.4854499749 , 0.3548869443
15.84 , 0.4038673477 , 0.3409977905
15.86 , 0.5542441336 , 0.3983590361
15.88 , 0.1926544367 , 0.4065385132
15.9 , 0.3557478618 , 0.3152885221
15.92 , 0.3901989451 , 0.2704196286
15.94 , 0.2240008671 , 0.305298264
15.96 , 0.3325220335 , 0.4797823603
15.98 , 0.4808626071 , 0.5364402068
16 , 0.8739713006 , 0.6605865763
16.02 , 0.8400250867 , 0.6650617325
16.04 , 0.4214009541 , 0.6551526658
16.06 , 0.7139310373 , 0.5630435963
16.08 , 0.2207908763 , 0.5473144111
16.1 , 0.7391255395 , 0.5252984793
16.12 , 0.4870770206 , 0.5484304855
16.14 , 0.8228883557 , 0.5560072211
16.16 , 0.2581009417 , 0.4671943315
16.18 , 0.5856085996 , 0.5595410585
16.2 , 0.686655628 , 0.8462737169
16.22 , 0.4632707413 , 0.8923618616
16.24 , 1.968448256 , 1.002950966
16.26 , 1.206176188 , 1.092405502
16.28 , 0.3179353691 , 1.14644969
16.3 , 1.201735859 , 1.226736475
16.32 , 1.589936174 , 1.061116927
16.34 , 1.275866757 , 1.351102772
16.36 , 1.555271836 , 1.465143335
16.38 , 1.283543993 , 1.606685156
16.4 , 2.33583407 , 1.857394384
16.42 , 1.988648441 , 3.037401044
16.44 , 3.934042168 , 4.024456184
16.46 , 4.481899048 , 4.367970849
16.48 , 6.988466984 , 4.620237092
16.5 , 3.425493046 , 4.56726866
16.52 , 2.32296309 , 3.874712473
16.54 , 4.507929826 , 3.264136741
16.56 , 2.760321055 , 2.645019406
16.58 , 2.497383198 , 3.192450065
16.6 , 3.128517883 , 3.178188438
16.62 , 3.09331895 , 2.424420767
16.64 , 4.155222953 , 3.238084937
16.66 , 2.052138064 , 3.904891778
16.68 , 3.099232559 , 4.5153962
16.7 , 8.599294264 , 5.393929583
16.72 , 5.489724861 , 6.670093479
16.74 , 6.429000442 , 6.82840691
16.76 , 7.559147864 , 6.601781756
16.78 , 7.37953446 , 5.067687078
16.8 , 2.623364618 , 6.92610872
16.82 , 7.942092308 , 8.207016571
16.84 , 7.121192434 , 9.055696974
16.86 , 17.66917961 , 10.567779
16.88 , 8.420895901 , 11.27190447
16.9 , 7.837150066 , 8.460161884
16.92 , 9.348127375 , 6.31887899
16.94 , 3.267549237 , 5.054515196
16.96 , 0.6910726246 , 7.139093065
16.98 , 10.79723396 , 8.746287367
17 , 14.08970248 , 9.132125505
17.02 , 11.34027509 , 9.509211755
17.04 , 7.469599131 , 9.067788881
17.06 , 2.637116456 , 6.584953043
17.08 , 5.800846969 , 6.277172912
17.1 , 8.707552775 , 6.217972155
17.12 , 6.433913252 , 5.917845296
17.14 , 9.215419106 , 6.950270475
17.16 , 1.8556246 , 6.191265579
17.18 , 4.415587628 , 5.40740584
17.2 , 10.51894127 , 5.83896689
17.22 , 3.368207474 , 5.599178646
17.24 , 5.894192845 , 6.997900197
17.26 , 7.625323402 , 6.455553674
17.28 , 4.525819807 , 4.80037374
17.3 , 7.477865072 , 4.986872693
17.32 , 1.865666801 , 3.912218513
17.34 , 1.190279394 , 3.282247989
17.36 , 5.679275613 , 3.893313412
17.38 , 3.30816355 , 3.560116628
17.4 , 4.843864512 , 4.076655179
17.42 , 5.292999735 , 3.958682378
17.44 , 1.145685458 , 3.893333634
17.46 , 3.762663159 , 3.977342248
17.48 , 4.994245327 , 4.118343862
17.5 , 5.783939093 , 4.06966665
17.52 , 2.33105246 , 4.102618154
17.54 , 4.655492711 , 3.375344911
17.56 , 1.523337243 , 2.816998917
17.58 , 2.440328251 , 2.703926641
17.6 , 3.358324966 , 2.996384306
17.62 , 2.941567795 , 2.525746038
17.64 , 2.928006837 , 2.318250753
17.66 , 1.496740046 , 1.716279479
17.68 , 0.3514457519 , 1.154802404
17.7 , 0.552112435 , 0.8974121682
17.72 , 1.499535633 , 0.8227085099
17.74 , 1.045439385 , 0.9332869702
17.76 , 1.075305263 , 1.096725116
17.78 , 0.88780291 , 0.9929864767
17.8 , 0.5825467705 , 0.8267200974
17.82 , 1.092099749 , 0.7531334817
17.84 , 0.5397341043 , 0.6081887368
17.86 , 0.6116165114 , 0.5542618138
17.88 , 0.2384633379 , 0.4367482852
17.9 , 0.2847194718 , 0.2449354231
17.92 , 0.4384137646 , 0.2088452376
17.94 , -0.02766223565 , 0.1817860859
17.96 , 0.1142398113 , 0.1957846902
17.98 , 0.2745469752 , 0.1792825699
18 , 0.3015023057 , 0.1907389213
18.02 , 0.1307428117 , 0.2431009427
18.04 , 0.2148157135 , 0.2009003744
18.06 , 0.2104913553 , 0.1582496907
18.08 , 0.0856989426 , 0.118139585
18.1 , 0.08262978797 , 0.1120651758
18.12 , 0.1140510934 , 0.07523812455
18.14 , 0.02213787247 , 0.06225259527
18.16 , 0.1061486585 , 0.06564124376
18.18 , 0.02833551707 , 0.05580842769
18.2 , 0.0629030512 , 0.04262191486
18.22 , 0.03830132962 , 0.04440834962
18.24 , 0.02951314619 , 0.03206216514
18.26 , 0.02574493924 , 0.04002758485
18.28 , 0.04905258081 , 0.03539055963
18.3 , 0.03852305572 , 0.03738267921
18.32 , 0.04126580165 , 0.03221408957
18.34 , 0.01783798483 , 0.02576834388
18.36 , 0.01974857209 , 0.02068644325
18.38 , 0.0047487722 , 0.01790414252
18.4 , 0.02510022139 , 0.01456884436
18.42 , 0.02761079272 , 0.01444248648
18.44 , 0.004301277234 , 0.01473421046
18.46 , 0.007981559263 , 0.01561563341
18.48 , 0.01408392503 , 0.0129694515
18.5 , 0.02266873921 , 0.01241250799
18.52 , 0.01283174301 , 0.01526304613
18.54 , 0.01184412526 , 0.01396818005
18.56 , 0.008741732841 , 0.01230571923
18.58 , 0.01426616818 , 0.01076629834
18.6 , 0.009825994376 , 0.009670556288
18.62 , 0.01165280994 , 0.009455121429
18.64 , 0.007213712436 , 0.009473969619
18.66 , 0.003729504815 , 0.008291586538
18.68 , 0.01506126513 , 0.00987885012
18.7 , 0.009993975821 , 0.01068568971
18.72 , 0.009258847407 , 0.01095648236
18.74 , 0.01520742764 , 0.01097769187
18.76 , 0.007609309396 , 0.01044487313
18.78 , 0.006470951913 , 0.009307682211
18.8 , 0.0119843428 , 0.008634310025
18.82 , 0.01022490318 , 0.006828360851
18.84 , 9.896249152e-05 , 0.007059844739
18.86 , 0.009655501839 , 0.005740535088
18.88 , 0.00325688595 , 0.004829492709
18.9 , 0.006672327017 , 0.004298842641
18.92 , 0.003198802483 , 0.006251875355
18.94 , 0.007642516211 , 0.005853885073
18.96 , 0.004063415253 , 0.007276541178
18.98 , 0.01273404023 , 0.007883209942
19 , 0.005448323688 , 0.007950065932
19.02 , 0.007941737199 , 0.006568393154
19.04 , 0.006315940494 , 0.005972651623
19.06 , 0.002133057004 , 0.004224807318
19.08 , 0.003616947402 , 0.003939635547
19.1 , 0.005399189094 , 0.003454165209
19.12 , 0.002813138761 , 0.003381647993
19.14 , 0.002611313051 , 0.003554793701
19.16 , 0.00473558913 , 0.003165215819
19.18 , 0.001944762464 , 0.002780039121
19.2 , 0.003218345867 , 0.003443959528
19.22 , 0.003707402413 , 0.004265479784
19.24 , 0.003858441354 , 0.003995601242
19.26 , 0.006119690092 , 0.003894281979
19.28 , 0.004660475113 , 0.004243758888
19.3 , 0.0003227808133 , 0.003681218257
19.32 , 0.003566638125 , 0.00314989427
19.34 , 0.006325284638 , 0.002858671698
19.36 , 0.0002382672724 , 0.003290015294
19.38 , 0.003704726191 , 0.003748194882
19.4 , 0.004255577137 , 0.003162504771
19.42 , 0.003413692177 , 0.002900222697
19.44 , 0.002628183842 , 0.003610125191
19.46 , 0.002627744373 , 0.00287178921
19.48 , 0.003198554278 , 0.002479018135
19.5 , 0.003115731646 , 0.002771569727
19.52 , 0.001359782069 , 0.002820436201
19.54 , 0.002940989385 , 0.002533421055
19.56 , 0.003873252892 , 0.002397970086
19.58 , 0.001250424667 , 0.002199142911
19.6 , 0.001460585755 , 0.002098965208
19.62 , 0.002438448696 , 0.001457965106
19.64 , 0.001024305696 , 0.001242224772
19.66 , 0.001502156149 , 0.001766788422
19.68 , 0.001198388427 , 0.002065012127
19.7 , 0.002755025002 , 0.002067576829
19.72 , 0.003081464433 , 0.002117640791
19.74 , 0.001923801373 , 0.001841209454
19.76 , 0.0006713872859 , 0.00182037779
19.78 , 0.001056804979 , 0.001305023887
19.8 , 0.001548775812 , 0.001233545948
19.82 , 0.002210251399 , 0.001165790476
19.84 , 0.0002373526472 , 0.00117414486
19.86 , 0.00145789311 , 0.0009087526054
19.88 , 4.39776395e-05 , 0.0008353792489
19.9 , 0.001202222623 , 0.0008415078906
19.92 , 0.0009762278613 , 0.001103101809
19.94 , 0.001787110041 , 0.001410403016
19.96 , 0.001144606273 , 0.001665940784
19.98 , 0.001481960831 , 0.001417893295
