-0.001013618
-0.002233242
-0.002625770
-0.019700512
-0.033482014
-0.035409853
-0.036613742
-0.057010169
-0.067521011
-0.077631405
-0.103350585
-0.111379503
-0.130301469
-0.204594217
-0.311270121
-0.404630702
-0.439160739
-0.565470036
-0.612076997
-0.638909205
-0.759934061
-0.890532112
-0.968261996
-1.027699796
-1.037961300
-1.052679348
-1.146939417
-1.243705693
-1.503999309
-1.577264038
-1.792913421
-1.915635845
-2.031439695
-2.113774766
-2.205365172
-2.285109810
-2.417822752
-2.552780605
-2.597593441
-2.607681948
-2.610526548
-2.571172882
-2.332881354
-2.240581795
-2.224648655
-2.123970787
-2.032899317
-1.941285486
-1.521621197
-0.693042917
-0.454055705
-0.387376463
0.313343963
0.393960647
0.461759326
0.833337478
1.321176850
1.836524252
2.253634166
2.443192209
2.763281553
3.505278194
4.284402632
4.329448852
4.021459880
3.699835637
3.248463259
2.904065375
2.823149764
1.336441861
0.373477036
-1.332665964
-1.535292550
-1.896749445
-2.397965493
-3.029805018
-3.355545044
-4.378692116
-4.904531685
-5.428903931
-5.471746788
-5.597168137
-5.597740670
-5.608159196
-5.612770053
-5.605858851
-5.459555000
-4.961566614
-4.514736649
-3.733665769
-3.492866807
-3.453406728
-2.971045340
0.008551135
4.142057310
4.454092465
5.588912859
5.862855721
6.034384993
6.533355685
5.275251344
2.802050867
2.640745713
0.960364931
0.907011640
-0.445576770
-3.064390866
-3.682849416
-5.320510989
-6.811942103
-7.470432100
-7.354792325
-6.897726664
-6.787413838
-5.825144745
-5.420508177
-4.374205404
-0.511248858
-0.446280577
-0.238900643
1.312496196
3.440221796
8.084355558
7.959478044
7.545945154
7.213498821
6.732078415
6.471840773
3.276194532
1.632309865
-4.436893890
-8.213245993
-8.765381077
-8.585156556
-8.511584922
-8.028210206
-5.125283893
-4.063289808
-2.327572768
0.871997480
3.494226506
4.485560625
8.523375286
8.775055464
8.981247680
9.113650805
9.601707664
9.446372806
3.919265250
2.492872235
