0.000000000
0.002443793
0.004887586
0.007331378
0.009775171
0.012218964
0.014662757
0.017106549
0.019550342
0.021994135
0.024437928
0.026881720
0.029325513
0.031769306
0.034213099
0.036656891
0.039100684
0.041544477
0.043988270
0.046432063
0.048875855
0.051319648
0.053763441
0.056207234
0.058651026
0.061094819
0.063538612
0.065982405
0.068426197
0.070869990
0.073313783
0.075757576
0.078201369
0.080645161
0.083088954
0.085532747
0.087976540
0.090420332
0.092864125
0.095307918
0.097751711
0.100195503
0.102639296
0.105083089
0.107526882
0.109970674
0.112414467
0.114858260
0.117302053
0.119745846
0.122189638
0.124633431
0.127077224
0.129521017
0.131964809
0.134408602
0.136852395
0.139296188
0.141739980
0.144183773
0.146627566
0.149071359
0.151515152
0.153958944
0.156402737
0.158846530
0.161290323
0.163734115
0.166177908
0.168621701
0.171065494
0.173509286
0.175953079
0.178396872
0.180840665
0.183284457
0.185728250
0.188172043
0.190615836
0.193059629
0.195503421
0.197947214
0.200391007
0.202834800
0.205278592
0.207722385
0.210166178
0.212609971
0.215053763
0.217497556
0.219941349
0.222385142
0.224828935
0.227272727
0.229716520
0.232160313
0.234604106
0.237047898
0.239491691
0.241935484
0.244379277
0.246823069
0.249266862
0.251710655
0.254154448
0.256598240
0.259042033
0.261485826
0.263929619
0.266373412
0.268817204
0.271260997
0.273704790
0.276148583
0.278592375
0.281036168
0.283479961
0.285923754
0.288367546
0.290811339
0.293255132
0.295698925
0.298142717
0.300586510
0.303030303
0.305474096
0.307917889
0.310361681
0.312805474
0.315249267
0.317693060
0.320136852
0.322580645
0.325024438
0.327468231
0.329912023
0.332355816
0.334799609
0.337243402
0.339687195
0.342130987
0.344574780
0.347018573
0.349462366
0.351906158
0.354349951
0.356793744
0.359237537
0.361681329
0.364125122
0.366568915
0.369012708
0.371456500
0.373900293
0.376344086
0.378787879
0.381231672
0.383675464
0.386119257
0.388563050
0.391006843
0.393450635
0.395894428
0.398338221
0.400782014
0.403225806
0.405669599
0.408113392
0.410557185
0.413000978
0.415444770
0.417888563
0.420332356
0.422776149
0.425219941
0.427663734
0.430107527
0.432551320
0.434995112
0.437438905
0.439882698
0.442326491
0.444770283
0.447214076
0.449657869
0.452101662
0.454545455
0.456989247
0.459433040
0.461876833
0.464320626
0.466764418
0.469208211
0.471652004
0.474095797
0.476539589
0.478983382
0.481427175
0.483870968
0.486314761
0.488758553
0.491202346
0.493646139
0.496089932
0.498533724
0.500977517
0.503421310
0.505865103
0.508308895
0.510752688
0.513196481
0.515640274
0.518084066
0.520527859
0.522971652
0.525415445
0.527859238
0.530303030
0.532746823
0.535190616
0.537634409
0.540078201
0.542521994
0.544965787
0.547409580
0.549853372
0.552297165
0.554740958
0.557184751
0.559628543
0.562072336
0.564516129
0.566959922
0.569403715
0.571847507
0.574291300
0.576735093
0.579178886
0.581622678
0.584066471
0.586510264
0.588954057
0.591397849
0.593841642
0.596285435
0.598729228
0.601173021
0.603616813
0.606060606
0.608504399
0.610948192
0.613391984
0.615835777
0.618279570
0.620723363
0.623167155
0.625610948
0.628054741
0.630498534
0.632942326
0.635386119
0.637829912
0.640273705
0.642717498
0.645161290
0.647605083
0.650048876
0.652492669
0.654936461
0.657380254
0.659824047
0.662267840
0.664711632
0.667155425
0.669599218
0.672043011
0.674486804
0.676930596
0.679374389
0.681818182
0.684261975
0.686705767
0.689149560
0.691593353
0.694037146
0.696480938
0.698924731
0.701368524
0.703812317
0.706256109
0.708699902
0.711143695
0.713587488
0.716031281
0.718475073
0.720918866
0.723362659
0.725806452
0.728250244
0.730694037
0.733137830
0.735581623
0.738025415
0.740469208
0.742913001
0.745356794
0.747800587
0.750244379
0.752688172
0.755131965
0.757575758
0.760019550
0.762463343
0.764907136
0.767350929
0.769794721
0.772238514
0.774682307
0.777126100
0.779569892
0.782013685
0.784457478
0.786901271
0.789345064
0.791788856
0.794232649
0.796676442
0.799120235
0.801564027
0.804007820
0.806451613
0.808895406
0.811339198
0.813782991
0.816226784
0.818670577
0.821114370
0.823558162
0.826001955
0.828445748
0.830889541
0.833333333
0.835777126
0.838220919
0.840664712
0.843108504
0.845552297
0.847996090
0.850439883
0.852883675
0.855327468
0.857771261
0.860215054
0.862658847
0.865102639
0.867546432
0.869990225
0.872434018
0.874877810
0.877321603
0.879765396
0.882209189
0.884652981
0.887096774
0.889540567
0.891984360
0.894428152
0.896871945
0.899315738
0.901759531
0.904203324
0.906647116
0.909090909
0.911534702
0.913978495
0.916422287
0.918866080
0.921309873
0.923753666
0.926197458
0.928641251
0.931085044
0.933528837
0.935972630
0.938416422
0.940860215
0.943304008
0.945747801
0.948191593
0.950635386
0.953079179
0.955522972
0.957966764
0.960410557
0.962854350
0.965298143
0.967741935
0.970185728
0.972629521
0.975073314
0.977517107
0.979960899
0.982404692
0.984848485
0.987292278
0.989736070
0.992179863
0.994623656
0.997067449
0.999511241
1.001955034
1.004398827
1.006842620
1.009286413
1.011730205
1.014173998
1.016617791
1.019061584
1.021505376
1.023949169
1.026392962
1.028836755
1.031280547
1.033724340
1.036168133
1.038611926
1.041055718
1.043499511
1.045943304
1.048387097
1.050830890
1.053274682
1.055718475
1.058162268
1.060606061
1.063049853
1.065493646
1.067937439
1.070381232
1.072825024
1.075268817
1.077712610
1.080156403
1.082600196
1.085043988
1.087487781
1.089931574
1.092375367
1.094819159
1.097262952
1.099706745
1.102150538
1.104594330
1.107038123
1.109481916
1.111925709
1.114369501
1.116813294
1.119257087
1.121700880
1.124144673
1.126588465
1.129032258
1.131476051
1.133919844
1.136363636
1.138807429
1.141251222
1.143695015
1.146138807
1.148582600
1.151026393
1.153470186
1.155913978
1.158357771
1.160801564
1.163245357
1.165689150
1.168132942
1.170576735
1.173020528
1.175464321
1.177908113
1.180351906
1.182795699
1.185239492
1.187683284
1.190127077
1.192570870
1.195014663
1.197458456
1.199902248
1.202346041
1.204789834
1.207233627
1.209677419
1.212121212
1.214565005
1.217008798
1.219452590
1.221896383
1.224340176
1.226783969
1.229227761
1.231671554
1.234115347
1.236559140
1.239002933
1.241446725
1.243890518
1.246334311
1.248778104
1.251221896
1.253665689
1.256109482
1.258553275
1.260997067
1.263440860
1.265884653
1.268328446
1.270772239
1.273216031
1.275659824
1.278103617
1.280547410
1.282991202
1.285434995
1.287878788
1.290322581
1.292766373
1.295210166
1.297653959
1.300097752
1.302541544
1.304985337
1.307429130
1.309872923
1.312316716
1.314760508
1.317204301
1.319648094
1.322091887
1.324535679
1.326979472
1.329423265
1.331867058
1.334310850
1.336754643
1.339198436
1.341642229
1.344086022
1.346529814
1.348973607
1.351417400
1.353861193
1.356304985
1.358748778
1.361192571
1.363636364
1.366080156
1.368523949
1.370967742
1.373411535
1.375855327
1.378299120
1.380742913
1.383186706
1.385630499
1.388074291
1.390518084
1.392961877
1.395405670
1.397849462
1.400293255
1.402737048
1.405180841
1.407624633
1.410068426
1.412512219
1.414956012
1.417399804
1.419843597
1.422287390
1.424731183
1.427174976
1.429618768
1.432062561
1.434506354
1.436950147
1.439393939
1.441837732
1.444281525
1.446725318
1.449169110
1.451612903
1.454056696
1.456500489
1.458944282
1.461388074
1.463831867
1.466275660
1.468719453
1.471163245
1.473607038
1.476050831
1.478494624
1.480938416
1.483382209
1.485826002
1.488269795
1.490713587
1.493157380
1.495601173
1.498044966
1.500488759
1.502932551
1.505376344
1.507820137
1.510263930
1.512707722
1.515151515
1.517595308
1.520039101
1.522482893
1.524926686
1.527370479
1.529814272
1.532258065
1.534701857
1.537145650
1.539589443
1.542033236
1.544477028
1.546920821
1.549364614
1.551808407
1.554252199
1.556695992
1.559139785
1.561583578
1.564027370
1.566471163
1.568914956
1.571358749
1.573802542
1.576246334
1.578690127
1.581133920
1.583577713
1.586021505
1.588465298
1.590909091
1.593352884
1.595796676
1.598240469
1.600684262
1.603128055
1.605571848
1.608015640
1.610459433
1.612903226
1.615347019
1.617790811
1.620234604
1.622678397
1.625122190
1.627565982
1.630009775
1.632453568
1.634897361
1.637341153
1.639784946
1.642228739
1.644672532
1.647116325
1.649560117
1.652003910
1.654447703
1.656891496
1.659335288
1.661779081
1.664222874
1.666666667
1.669110459
1.671554252
1.673998045
1.676441838
1.678885630
1.681329423
1.683773216
1.686217009
1.688660802
1.691104594
1.693548387
1.695992180
1.698435973
1.700879765
1.703323558
1.705767351
1.708211144
1.710654936
1.713098729
1.715542522
1.717986315
1.720430108
1.722873900
1.725317693
1.727761486
1.730205279
1.732649071
1.735092864
1.737536657
1.739980450
1.742424242
1.744868035
1.747311828
1.749755621
1.752199413
1.754643206
1.757086999
1.759530792
1.761974585
1.764418377
1.766862170
1.769305963
1.771749756
1.774193548
1.776637341
1.779081134
1.781524927
1.783968719
1.786412512
1.788856305
1.791300098
1.793743891
1.796187683
1.798631476
1.801075269
1.803519062
1.805962854
1.808406647
1.810850440
1.813294233
1.815738025
1.818181818
1.820625611
1.823069404
1.825513196
1.827956989
1.830400782
1.832844575
1.835288368
1.837732160
1.840175953
1.842619746
1.845063539
1.847507331
1.849951124
1.852394917
1.854838710
1.857282502
1.859726295
1.862170088
1.864613881
1.867057674
1.869501466
1.871945259
1.874389052
1.876832845
1.879276637
1.881720430
1.884164223
1.886608016
1.889051808
1.891495601
1.893939394
1.896383187
1.898826979
1.901270772
1.903714565
1.906158358
1.908602151
1.911045943
1.913489736
1.915933529
1.918377322
1.920821114
1.923264907
1.925708700
1.928152493
1.930596285
1.933040078
1.935483871
1.937927664
1.940371457
1.942815249
1.945259042
1.947702835
1.950146628
1.952590420
1.955034213
1.957478006
1.959921799
1.962365591
1.964809384
1.967253177
1.969696970
1.972140762
1.974584555
1.977028348
1.979472141
1.981915934
1.984359726
1.986803519
1.989247312
1.991691105
1.994134897
1.996578690
1.999022483
2.001466276
2.003910068
2.006353861
2.008797654
2.011241447
2.013685239
2.016129032
2.018572825
2.021016618
2.023460411
2.025904203
2.028347996
2.030791789
2.033235582
2.035679374
2.038123167
2.040566960
2.043010753
2.045454545
2.047898338
2.050342131
2.052785924
2.055229717
2.057673509
2.060117302
2.062561095
2.065004888
2.067448680
2.069892473
2.072336266
2.074780059
2.077223851
2.079667644
2.082111437
2.084555230
2.086999022
2.089442815
2.091886608
2.094330401
2.096774194
2.099217986
2.101661779
2.104105572
2.106549365
2.108993157
2.111436950
2.113880743
2.116324536
2.118768328
2.121212121
2.123655914
2.126099707
2.128543500
2.130987292
2.133431085
2.135874878
2.138318671
2.140762463
2.143206256
2.145650049
2.148093842
2.150537634
2.152981427
2.155425220
2.157869013
2.160312805
2.162756598
2.165200391
2.167644184
2.170087977
2.172531769
2.174975562
2.177419355
2.179863148
2.182306940
2.184750733
2.187194526
2.189638319
2.192082111
2.194525904
2.196969697
2.199413490
2.201857283
2.204301075
2.206744868
2.209188661
2.211632454
2.214076246
2.216520039
2.218963832
2.221407625
2.223851417
2.226295210
2.228739003
2.231182796
2.233626588
2.236070381
2.238514174
2.240957967
2.243401760
2.245845552
2.248289345
2.250733138
2.253176931
2.255620723
2.258064516
2.260508309
2.262952102
2.265395894
2.267839687
2.270283480
2.272727273
2.275171065
2.277614858
2.280058651
2.282502444
2.284946237
2.287390029
2.289833822
2.292277615
2.294721408
2.297165200
2.299608993
2.302052786
2.304496579
2.306940371
2.309384164
2.311827957
2.314271750
2.316715543
2.319159335
2.321603128
2.324046921
2.326490714
2.328934506
2.331378299
2.333822092
2.336265885
2.338709677
2.341153470
2.343597263
2.346041056
2.348484848
2.350928641
2.353372434
2.355816227
2.358260020
2.360703812
2.363147605
2.365591398
2.368035191
2.370478983
2.372922776
2.375366569
2.377810362
2.380254154
2.382697947
2.385141740
2.387585533
2.390029326
2.392473118
2.394916911
2.397360704
2.399804497
2.402248289
2.404692082
2.407135875
2.409579668
2.412023460
2.414467253
2.416911046
2.419354839
2.421798631
2.424242424
2.426686217
2.429130010
2.431573803
2.434017595
2.436461388
2.438905181
2.441348974
2.443792766
2.446236559
2.448680352
2.451124145
2.453567937
2.456011730
2.458455523
2.460899316
2.463343109
2.465786901
2.468230694
2.470674487
2.473118280
2.475562072
2.478005865
2.480449658
2.482893451
2.485337243
2.487781036
2.490224829
2.492668622
2.495112414
2.497556207
2.500000000
