0.079728898
0.103746001
0.109499562
0.214387839
0.255876638
0.260701088
0.263625811
0.305622042
0.323395258
0.338834259
0.372873065
0.382332325
0.402973575
0.468946351
0.540464290
0.591062047
0.607913058
0.663487543
0.682108241
0.692458183
0.736341215
0.779651444
0.803913226
0.821848468
0.824896609
0.829245325
0.856503883
0.883580617
0.953341751
0.972496449
1.028678712
1.061097453
1.092521666
1.115673499
1.142628013
1.167601729
1.214483265
1.279121004
1.315604546
1.329490104
1.334960535
1.414680673
1.500326185
1.521085043
1.524375864
1.543669691
1.559353707
1.573851969
1.629684821
1.714067192
1.735041116
1.740716083
1.796912092
1.803069155
1.808210776
1.835903934
1.871456098
1.908787202
1.939469077
1.953730208
1.978542354
2.042768315
2.150485264
2.223054911
2.281312044
2.314546911
2.349438320
2.371551228
2.376375202
2.450928284
2.491619619
2.558641663
2.566502835
2.580601918
2.600457930
2.626402163
2.640405392
2.689642397
2.721315809
2.767338801
2.773081806
2.799092604
2.799314724
2.804208988
2.819944236
2.824445627
2.855049977
2.897775711
2.922710840
2.956586090
2.965652940
2.967094950
2.983900939
3.070206925
3.183261184
3.193209324
3.235336508
3.248124680
3.257191287
3.295827253
3.418332865
3.486085175
3.489749181
3.525584573
3.526672714
3.553744913
3.606270738
3.619408662
3.657961014
3.705698875
3.748659831
3.792670245
3.818479849
3.823040870
3.853714310
3.864012222
3.887208031
3.955159613
3.956201544
3.959519012
3.984147604
4.018739460
4.131622188
4.195322542
4.211805824
4.222014554
4.234464366
4.240453825
4.296321271
4.319661303
4.402014920
4.473535190
4.548781801
4.556580427
4.559308345
4.573869323
4.626455979
4.640908646
4.662496691
4.699368081
4.729641439
4.741711656
4.804378005
4.810356231
4.815842288
4.819762411
4.840803905
4.880193919
4.972693029
4.988003398
